time,id,pos,sugar,age,vision,metabolism,sex,culture,children,has_reproduced,has_spread_culture,has_accepted_culture,total_inheritance_received,last_partner_id,last_credit_partner,chose_not_to_reproduce,chose_not_to_spread_culture,schwartz_values
0,1,"(2, 21)",9.0,0,6,2,male,"Bool[0, 0, 1, 1, 1, 0, 0, 0, 0, 1, 1]",Int64[],false,false,false,0.0,Int64[],Int64[],false,false,"(self_direction = 2.08f0, stimulation = -1.34f0, hedonism = -0.39f0, achievement = -2.18f0, power = -2.2f0, security = 0.51f0, conformity = -0.83f0, tradition = 0.53f0, benevolence = 1.2f0, universalism = 2.62f0)"
0,2,"(10, 47)",6.0,0,6,1,male,"Bool[0, 0, 1, 0, 0, 1, 1, 0, 0, 1, 1]",Int64[],false,false,false,0.0,Int64[],Int64[],false,false,"(self_direction = -0.2f0, stimulation = 1.94f0, hedonism = 0.34f0, achievement = -0.86f0, power = -0.56f0, security = 0.39f0, conformity = 1.37f0, tradition = -1.75f0, benevolence = -0.25f0, universalism = -0.43f0)"
0,3,"(30, 6)",14.0,0,1,4,female,"Bool[0, 1, 1, 0, 1, 0, 1, 1, 1, 0, 1]",Int64[],false,false,false,0.0,Int64[],Int64[],false,false,"(self_direction = -1.02f0, stimulation = 0.41f0, hedonism = 1.69f0, achievement = 0.94f0, power = -0.57f0, security = -0.62f0, conformity = -0.88f0, tradition = -2.08f0, benevolence = 0.85f0, universalism = 1.29f0)"
0,4,"(9, 13)",16.0,0,6,2,male,"Bool[1, 1, 1, 0, 0, 1, 1, 0, 1, 0, 0]",Int64[],false,false,false,0.0,Int64[],Int64[],false,false,"(self_direction = 1.12f0, stimulation = -0.91f0, hedonism = -0.45f0, achievement = -0.25f0, power = -0.84f0, security = 0.09f0, conformity = -0.34f0, tradition = 0.38f0, benevolence = 1.16f0, universalism = 0.03f0)"
0,5,"(3, 34)",22.0,0,6,1,female,"Bool[1, 1, 0, 1, 1, 0, 0, 1, 0, 0, 0]",Int64[],false,false,false,0.0,Int64[],Int64[],false,false,"(self_direction = 0.65f0, stimulation = -1.07f0, hedonism = -1.81f0, achievement = 0.18f0, power = 0.04f0, security = 1.21f0, conformity = 0.17f0, tradition = -0.26f0, benevolence = 0.35f0, universalism = 0.53f0)"
0,6,"(26, 27)",11.0,0,3,2,female,"Bool[0, 0, 0, 1, 0, 0, 0, 0, 1, 1, 0]",Int64[],false,false,false,0.0,Int64[],Int64[],false,false,"(self_direction = 0.22f0, stimulation = -3.54f0, hedonism = -1.15f0, achievement = 0.39f0, power = 0.42f0, security = 0.46f0, conformity = -0.19f0, tradition = 1.08f0, benevolence = 1.61f0, universalism = 0.7f0)"
0,7,"(9, 40)",8.0,0,1,1,male,"Bool[1, 0, 0, 1, 0, 0, 1, 0, 0, 1, 0]",Int64[],false,false,false,0.0,Int64[],Int64[],false,false,"(self_direction = 0.19f0, stimulation = -1.31f0, hedonism = -0.57f0, achievement = -0.3f0, power = -1.63f0, security = 0.7f0, conformity = 0.48f0, tradition = 0.19f0, benevolence = 1.45f0, universalism = 0.8f0)"
0,8,"(33, 22)",15.0,0,4,3,male,"Bool[1, 1, 1, 0, 0, 0, 1, 1, 0, 0, 1]",Int64[],false,false,false,0.0,Int64[],Int64[],false,false,"(self_direction = 0.93f0, stimulation = 0.74f0, hedonism = 0.21f0, achievement = -0.22f0, power = 0.61f0, security = -0.88f0, conformity = -0.74f0, tradition = -1.36f0, benevolence = 0.89f0, universalism = -0.19f0)"
0,9,"(13, 19)",13.0,0,2,4,male,"Bool[0, 0, 1, 0, 0, 1, 1, 0, 0, 1, 1]",Int64[],false,false,false,0.0,Int64[],Int64[],false,false,"(self_direction = 0.04f0, stimulation = 0.09f0, hedonism = 0.38f0, achievement = -0.7f0, power = -0.14f0, security = 0.6f0, conformity = -0.78f0, tradition = -0.62f0, benevolence = 0.44f0, universalism = 0.7f0)"
0,10,"(39, 45)",14.0,0,6,1,male,"Bool[0, 1, 0, 0, 0, 0, 1, 1, 0, 1, 0]",Int64[],false,false,false,0.0,Int64[],Int64[],false,false,"(self_direction = -0.22f0, stimulation = -1.58f0, hedonism = -0.44f0, achievement = 0.19f0, power = 1.67f0, security = -0.49f0, conformity = -1.29f0, tradition = 1.1f0, benevolence = 0.21f0, universalism = 0.86f0)"
0,11,"(35, 1)",8.0,0,2,2,male,"Bool[1, 1, 0, 0, 0, 0, 1, 1, 1, 1, 0]",Int64[],false,false,false,0.0,Int64[],Int64[],false,false,"(self_direction = 0.66f0, stimulation = -1.08f0, hedonism = -0.64f0, achievement = -1.11f0, power = 0.02f0, security = 0.15f0, conformity = -0.19f0, tradition = 0.6f0, benevolence = 1.11f0, universalism = 0.48f0)"
0,12,"(21, 9)",8.0,0,6,2,male,"Bool[1, 0, 0, 0, 0, 0, 0, 1, 0, 0, 1]",Int64[],false,false,false,0.0,Int64[],Int64[],false,false,"(self_direction = -1.71f0, stimulation = -1.91f0, hedonism = -1.53f0, achievement = 0.4f0, power = -0.28f0, security = 0.88f0, conformity = 1.08f0, tradition = 1.29f0, benevolence = 1.17f0, universalism = 0.62f0)"
0,13,"(17, 26)",14.0,0,6,4,male,"Bool[0, 1, 0, 0, 0, 1, 1, 1, 1, 0, 0]",Int64[],false,false,false,0.0,Int64[],Int64[],false,false,"(self_direction = 0.49f0, stimulation = -1.24f0, hedonism = -0.9f0, achievement = 0.78f0, power = -0.23f0, security = 1.31f0, conformity = -0.13f0, tradition = -1.05f0, benevolence = 0.61f0, universalism = 0.36f0)"
0,14,"(13, 40)",10.0,0,2,2,male,"Bool[0, 1, 0, 0, 0, 0, 1, 0, 0, 1, 1]",Int64[],false,false,false,0.0,Int64[],Int64[],false,false,"(self_direction = 0.2f0, stimulation = 0.04f0, hedonism = 1.05f0, achievement = -0.9f0, power = -1.31f0, security = 0.45f0, conformity = -0.64f0, tradition = 0.37f0, benevolence = 0.45f0, universalism = 0.28f0)"
0,15,"(28, 20)",5.0,0,4,2,female,"Bool[1, 0, 0, 1, 1, 0, 0, 1, 0, 1, 1]",Int64[],false,false,false,0.0,Int64[],Int64[],false,false,"(self_direction = 0.17f0, stimulation = 0.05f0, hedonism = 0.19f0, achievement = 0.91f0, power = -0.12f0, security = 1.41f0, conformity = -0.77f0, tradition = -1.7f0, benevolence = -0.53f0, universalism = 0.39f0)"
0,16,"(38, 38)",11.0,0,6,3,female,"Bool[1, 1, 0, 1, 1, 0, 0, 1, 1, 1, 1]",Int64[],false,false,false,0.0,Int64[],Int64[],false,false,"(self_direction = 0.83f0, stimulation = -0.3f0, hedonism = -0.72f0, achievement = 0.64f0, power = 0.28f0, security = 0.11f0, conformity = -0.24f0, tradition = -0.55f0, benevolence = -0.75f0, universalism = 0.68f0)"
0,17,"(13, 44)",22.0,0,1,2,male,"Bool[1, 0, 1, 1, 1, 0, 1, 0, 0, 1, 0]",Int64[],false,false,false,0.0,Int64[],Int64[],false,false,"(self_direction = -0.5f0, stimulation = -0.09f0, hedonism = 0.47f0, achievement = -0.3f0, power = 1.22f0, security = 0.57f0, conformity = -1.09f0, tradition = -0.68f0, benevolence = -0.07f0, universalism = 0.46f0)"
0,18,"(50, 21)",11.0,0,5,4,female,"Bool[1, 0, 1, 0, 1, 0, 1, 0, 1, 0, 1]",Int64[],false,false,false,0.0,Int64[],Int64[],false,false,"(self_direction = -0.62f0, stimulation = -0.06f0, hedonism = -0.12f0, achievement = 0.39f0, power = -2.42f0, security = 1.31f0, conformity = 1.08f0, tradition = 0.18f0, benevolence = 0.34f0, universalism = -0.08f0)"
0,19,"(48, 27)",22.0,0,4,2,female,"Bool[0, 1, 1, 0, 0, 0, 1, 0, 1, 1, 1]",Int64[],false,false,false,0.0,Int64[],Int64[],false,false,"(self_direction = -1.22f0, stimulation = -1.2f0, hedonism = 0.84f0, achievement = -0.6f0, power = -0.35f0, security = -0.21f0, conformity = 1.49f0, tradition = 0.75f0, benevolence = 0.68f0, universalism = -0.17f0)"
0,20,"(13, 9)",14.0,0,4,1,male,"Bool[0, 1, 1, 1, 0, 0, 1, 1, 0, 1, 0]",Int64[],false,false,false,0.0,Int64[],Int64[],false,false,"(self_direction = 0.59f0, stimulation = -0.24f0, hedonism = 0.48f0, achievement = -0.55f0, power = -1.44f0, security = 0.58f0, conformity = 0.76f0, tradition = -0.46f0, benevolence = 0.5f0, universalism = -0.23f0)"
0,21,"(6, 20)",24.0,0,4,1,female,"Bool[1, 1, 1, 1, 1, 0, 1, 0, 1, 1, 0]",Int64[],false,false,false,0.0,Int64[],Int64[],false,false,"(self_direction = 0.67f0, stimulation = -0.17f0, hedonism = 0.01f0, achievement = -0.58f0, power = -0.62f0, security = 0.56f0, conformity = -0.33f0, tradition = -0.85f0, benevolence = 1.12f0, universalism = 0.2f0)"
0,22,"(20, 18)",25.0,0,1,3,male,"Bool[1, 1, 0, 0, 0, 0, 1, 0, 1, 1, 1]",Int64[],false,false,false,0.0,Int64[],Int64[],false,false,"(self_direction = 0.31f0, stimulation = -0.39f0, hedonism = -2.45f0, achievement = -1.15f0, power = -1.42f0, security = 1.37f0, conformity = 0.8f0, tradition = 0.96f0, benevolence = 1.43f0, universalism = 0.55f0)"
0,23,"(31, 2)",23.0,0,2,1,male,"Bool[1, 1, 0, 0, 1, 0, 0, 0, 1, 1, 0]",Int64[],false,false,false,0.0,Int64[],Int64[],false,false,"(self_direction = -0.04f0, stimulation = 0.06f0, hedonism = -0.5f0, achievement = -0.78f0, power = -0.89f0, security = 1.14f0, conformity = 1.0f0, tradition = -1.39f0, benevolence = 0.19f0, universalism = 1.2f0)"
0,24,"(12, 50)",14.0,0,6,2,female,"Bool[1, 0, 0, 1, 0, 0, 0, 1, 1, 0, 1]",Int64[],false,false,false,0.0,Int64[],Int64[],false,false,"(self_direction = -0.27f0, stimulation = -2.78f0, hedonism = -1.22f0, achievement = 0.04f0, power = -0.46f0, security = 1.43f0, conformity = 2.56f0, tradition = 0.04f0, benevolence = 0.33f0, universalism = 0.33f0)"
0,25,"(10, 9)",18.0,0,2,3,female,"Bool[1, 0, 1, 1, 0, 1, 1, 0, 1, 0, 0]",Int64[],false,false,false,0.0,Int64[],Int64[],false,false,"(self_direction = -0.22f0, stimulation = -2.16f0, hedonism = 1.81f0, achievement = 0.64f0, power = 0.21f0, security = 0.81f0, conformity = -1.47f0, tradition = 0.46f0, benevolence = 0.46f0, universalism = -0.53f0)"
0,26,"(44, 18)",19.0,0,2,3,female,"Bool[1, 0, 1, 1, 0, 0, 1, 1, 1, 0, 1]",Int64[],false,false,false,0.0,Int64[],Int64[],false,false,"(self_direction = 0.66f0, stimulation = -1.26f0, hedonism = 0.52f0, achievement = 0.61f0, power = 0.57f0, security = -0.35f0, conformity = -1.07f0, tradition = -0.17f0, benevolence = 0.88f0, universalism = -0.38f0)"
0,27,"(37, 1)",25.0,0,1,3,male,"Bool[0, 0, 1, 1, 0, 1, 1, 0, 0, 1, 1]",Int64[],false,false,false,0.0,Int64[],Int64[],false,false,"(self_direction = -0.33f0, stimulation = -0.2f0, hedonism = -0.7f0, achievement = 0.0f0, power = -0.14f0, security = 0.83f0, conformity = 0.09f0, tradition = -0.14f0, benevolence = 0.76f0, universalism = -0.18f0)"
0,28,"(26, 19)",5.0,0,2,4,male,"Bool[0, 0, 1, 0, 1, 0, 0, 0, 0, 0, 1]",Int64[],false,false,false,0.0,Int64[],Int64[],false,false,"(self_direction = -0.49f0, stimulation = -2.07f0, hedonism = -0.02f0, achievement = 2.35f0, power = -1.2f0, security = 0.96f0, conformity = -0.58f0, tradition = -0.16f0, benevolence = 1.0f0, universalism = 0.22f0)"
0,29,"(43, 15)",14.0,0,5,4,male,"Bool[0, 0, 0, 1, 1, 0, 1, 1, 1, 0, 0]",Int64[],false,false,false,0.0,Int64[],Int64[],false,false,"(self_direction = 0.9f0, stimulation = -0.65f0, hedonism = 1.65f0, achievement = -1.87f0, power = -0.61f0, security = -0.87f0, conformity = -1.36f0, tradition = 0.48f0, benevolence = 0.82f0, universalism = 1.51f0)"
0,30,"(17, 36)",19.0,0,2,3,female,"Bool[0, 1, 1, 1, 0, 0, 1, 1, 1, 0, 0]",Int64[],false,false,false,0.0,Int64[],Int64[],false,false,"(self_direction = 0.8f0, stimulation = -1.4f0, hedonism = -0.49f0, achievement = 0.4f0, power = -0.13f0, security = 1.55f0, conformity = -1.37f0, tradition = -0.51f0, benevolence = 0.46f0, universalism = 0.7f0)"
0,31,"(19, 39)",20.0,0,5,2,female,"Bool[0, 1, 1, 0, 0, 1, 0, 1, 1, 1, 1]",Int64[],false,false,false,0.0,Int64[],Int64[],false,false,"(self_direction = -0.27f0, stimulation = -2.71f0, hedonism = -1.21f0, achievement = -0.95f0, power = 0.04f0, security = 1.59f0, conformity = 1.14f0, tradition = 1.6f0, benevolence = 0.31f0, universalism = 0.46f0)"
0,32,"(25, 41)",16.0,0,2,4,female,"Bool[1, 1, 1, 0, 1, 0, 0, 1, 1, 0, 1]",Int64[],false,false,false,0.0,Int64[],Int64[],false,false,"(self_direction = 1.49f0, stimulation = 0.87f0, hedonism = 1.44f0, achievement = -1.35f0, power = -0.26f0, security = -0.52f0, conformity = -1.91f0, tradition = -1.01f0, benevolence = 0.79f0, universalism = 0.45f0)"
0,33,"(26, 2)",7.0,0,2,4,female,"Bool[0, 1, 0, 1, 0, 1, 1, 0, 0, 0, 1]",Int64[],false,false,false,0.0,Int64[],Int64[],false,false,"(self_direction = 0.94f0, stimulation = -0.09f0, hedonism = 1.06f0, achievement = -1.63f0, power = -0.91f0, security = -0.54f0, conformity = -0.72f0, tradition = -0.15f0, benevolence = 1.01f0, universalism = 1.03f0)"
0,34,"(5, 33)",24.0,0,1,4,male,"Bool[1, 0, 1, 1, 1, 1, 1, 0, 1, 0, 0]",Int64[],false,false,false,0.0,Int64[],Int64[],false,false,"(self_direction = -0.59f0, stimulation = -1.96f0, hedonism = -0.34f0, achievement = 0.16f0, power = -0.77f0, security = 0.58f0, conformity = -0.43f0, tradition = 2.15f0, benevolence = 0.56f0, universalism = 0.64f0)"
0,35,"(31, 50)",13.0,0,4,2,male,"Bool[0, 0, 0, 1, 0, 0, 0, 1, 0, 0, 0]",Int64[],false,false,false,0.0,Int64[],Int64[],false,false,"(self_direction = 0.6f0, stimulation = -1.01f0, hedonism = -0.38f0, achievement = 0.52f0, power = -0.56f0, security = -2.14f0, conformity = -0.61f0, tradition = -0.1f0, benevolence = 2.09f0, universalism = 1.61f0)"
0,36,"(43, 42)",6.0,0,1,1,female,"Bool[1, 1, 1, 0, 1, 1, 0, 1, 1, 1, 1]",Int64[],false,false,false,0.0,Int64[],Int64[],false,false,"(self_direction = 0.12f0, stimulation = -2.4f0, hedonism = -1.47f0, achievement = -0.27f0, power = -0.9f0, security = 1.12f0, conformity = 1.4f0, tradition = 1.68f0, benevolence = -0.36f0, universalism = 1.08f0)"
0,37,"(24, 8)",5.0,0,6,3,female,"Bool[1, 1, 0, 1, 1, 0, 1, 0, 1, 0, 0]",Int64[],false,false,false,0.0,Int64[],Int64[],false,false,"(self_direction = 1.68f0, stimulation = -1.71f0, hedonism = 0.65f0, achievement = -0.12f0, power = -2.55f0, security = -0.61f0, conformity = -1.18f0, tradition = -0.39f0, benevolence = 2.42f0, universalism = 1.8f0)"
0,38,"(38, 17)",17.0,0,2,1,female,"Bool[0, 1, 1, 0, 1, 0, 0, 0, 0, 1, 1]",Int64[],false,false,false,0.0,Int64[],Int64[],false,false,"(self_direction = 0.12f0, stimulation = 0.08f0, hedonism = 0.25f0, achievement = 1.01f0, power = -0.44f0, security = -0.11f0, conformity = -1.19f0, tradition = 0.02f0, benevolence = 0.11f0, universalism = 0.15f0)"
0,39,"(9, 24)",15.0,0,1,1,female,"Bool[0, 0, 0, 1, 1, 0, 1, 1, 1, 1, 1]",Int64[],false,false,false,0.0,Int64[],Int64[],false,false,"(self_direction = -0.15f0, stimulation = -0.19f0, hedonism = -0.55f0, achievement = 0.45f0, power = 1.2f0, security = -0.52f0, conformity = -0.8f0, tradition = 0.05f0, benevolence = 0.75f0, universalism = -0.23f0)"
0,40,"(19, 35)",21.0,0,5,4,female,"Bool[0, 0, 1, 0, 0, 0, 0, 0, 1, 0, 1]",Int64[],false,false,false,0.0,Int64[],Int64[],false,false,"(self_direction = 0.84f0, stimulation = 0.21f0, hedonism = -1.56f0, achievement = 1.02f0, power = 1.64f0, security = 0.67f0, conformity = -0.06f0, tradition = -1.52f0, benevolence = -0.99f0, universalism = -0.26f0)"
0,41,"(2, 18)",6.0,0,1,3,female,"Bool[0, 1, 0, 0, 0, 1, 0, 1, 0, 1, 0]",Int64[],false,false,false,0.0,Int64[],Int64[],false,false,"(self_direction = -0.49f0, stimulation = -0.16f0, hedonism = 0.13f0, achievement = -0.1f0, power = -1.35f0, security = 1.11f0, conformity = -1.07f0, tradition = -0.01f0, benevolence = 0.91f0, universalism = 1.01f0)"
0,42,"(23, 13)",16.0,0,2,1,male,"Bool[1, 1, 1, 0, 1, 0, 1, 0, 1, 1, 0]",Int64[],false,false,false,0.0,Int64[],Int64[],false,false,"(self_direction = 0.88f0, stimulation = 0.55f0, hedonism = -0.27f0, achievement = 0.73f0, power = 0.52f0, security = -0.62f0, conformity = -1.69f0, tradition = -0.48f0, benevolence = 0.54f0, universalism = -0.16f0)"
0,43,"(48, 9)",10.0,0,3,4,male,"Bool[1, 1, 1, 1, 0, 1, 1, 1, 0, 0, 0]",Int64[],false,false,false,0.0,Int64[],Int64[],false,false,"(self_direction = -0.45f0, stimulation = -2.08f0, hedonism = 1.47f0, achievement = -0.47f0, power = -0.76f0, security = 0.95f0, conformity = 0.19f0, tradition = -0.03f0, benevolence = 0.39f0, universalism = 0.79f0)"
0,44,"(10, 1)",18.0,0,2,3,female,"Bool[1, 1, 1, 1, 0, 0, 1, 1, 0, 1, 1]",Int64[],false,false,false,0.0,Int64[],Int64[],false,false,"(self_direction = 0.02f0, stimulation = -0.28f0, hedonism = -0.04f0, achievement = 1.15f0, power = -1.55f0, security = -0.08f0, conformity = 0.43f0, tradition = 0.54f0, benevolence = -0.21f0, universalism = 0.02f0)"
0,45,"(44, 32)",14.0,0,6,3,male,"Bool[0, 1, 1, 1, 1, 0, 0, 1, 0, 0, 1]",Int64[],false,false,false,0.0,Int64[],Int64[],false,false,"(self_direction = -0.48f0, stimulation = -2.05f0, hedonism = -1.56f0, achievement = -1.4f0, power = -0.54f0, security = 1.16f0, conformity = 1.63f0, tradition = 2.56f0, benevolence = -0.07f0, universalism = 0.76f0)"
0,46,"(23, 40)",21.0,0,6,2,male,"Bool[1, 1, 0, 0, 1, 0, 1, 0, 1, 1, 0]",Int64[],false,false,false,0.0,Int64[],Int64[],false,false,"(self_direction = 0.22f0, stimulation = -2.48f0, hedonism = -0.52f0, achievement = -0.5f0, power = -1.06f0, security = 0.08f0, conformity = 0.24f0, tradition = 0.66f0, benevolence = 2.2f0, universalism = 1.16f0)"
0,47,"(5, 12)",11.0,0,2,4,female,"Bool[0, 0, 0, 1, 1, 0, 1, 1, 0, 0, 0]",Int64[],false,false,false,0.0,Int64[],Int64[],false,false,"(self_direction = 0.47f0, stimulation = -0.39f0, hedonism = 0.34f0, achievement = 0.09f0, power = -0.72f0, security = 0.13f0, conformity = -1.04f0, tradition = -0.77f0, benevolence = 1.16f0, universalism = 0.73f0)"
0,48,"(44, 33)",18.0,0,5,4,female,"Bool[0, 1, 0, 1, 1, 1, 1, 1, 1, 0, 0]",Int64[],false,false,false,0.0,Int64[],Int64[],false,false,"(self_direction = 0.1f0, stimulation = -2.17f0, hedonism = -0.87f0, achievement = 0.64f0, power = -0.12f0, security = 1.01f0, conformity = 0.82f0, tradition = -1.12f0, benevolence = 0.92f0, universalism = 0.79f0)"
0,49,"(6, 24)",13.0,0,1,1,female,"Bool[1, 1, 1, 0, 1, 1, 0, 0, 0, 0, 1]",Int64[],false,false,false,0.0,Int64[],Int64[],false,false,"(self_direction = 0.15f0, stimulation = 0.47f0, hedonism = -0.56f0, achievement = -1.05f0, power = 0.67f0, security = 0.56f0, conformity = 0.11f0, tradition = -1.57f0, benevolence = 1.24f0, universalism = -0.01f0)"
0,50,"(14, 21)",25.0,0,5,2,female,"Bool[1, 1, 1, 1, 1, 1, 0, 1, 1, 0, 1]",Int64[],false,false,false,0.0,Int64[],Int64[],false,false,"(self_direction = 1.23f0, stimulation = 1.17f0, hedonism = -0.07f0, achievement = -0.65f0, power = -0.34f0, security = 0.01f0, conformity = -0.82f0, tradition = -1.19f0, benevolence = 0.16f0, universalism = 0.5f0)"
1,1,"(2, 21)",7.0,1,6,2,male,"Bool[0, 0, 1, 1, 1, 0, 0, 0, 0, 1, 1]",Int64[],false,false,false,0.0,Int64[],Int64[],false,false,"(self_direction = 2.08f0, stimulation = -1.34f0, hedonism = -0.39f0, achievement = -2.18f0, power = -2.2f0, security = 0.51f0, conformity = -0.83f0, tradition = 0.53f0, benevolence = 1.2f0, universalism = 2.62f0)"
1,2,"(11, 46)",8.0,1,6,1,male,"Bool[0, 0, 1, 0, 0, 1, 1, 0, 0, 1, 1]",Int64[],false,false,false,0.0,Int64[],Int64[],false,false,"(self_direction = -0.2f0, stimulation = 1.94f0, hedonism = 0.34f0, achievement = -0.86f0, power = -0.56f0, security = 0.39f0, conformity = 1.37f0, tradition = -1.75f0, benevolence = -0.25f0, universalism = -0.43f0)"
1,3,"(30, 6)",13.0,1,1,4,female,"Bool[0, 1, 1, 0, 1, 0, 1, 1, 1, 0, 1]",Int64[],false,false,false,0.0,Int64[],Int64[],false,false,"(self_direction = -1.02f0, stimulation = 0.41f0, hedonism = 1.69f0, achievement = 0.94f0, power = -0.57f0, security = -0.62f0, conformity = -0.88f0, tradition = -2.08f0, benevolence = 0.85f0, universalism = 1.29f0)"
1,4,"(9, 13)",14.0,1,6,2,male,"Bool[1, 1, 1, 0, 0, 1, 1, 0, 1, 0, 0]",Int64[],false,false,false,0.0,Int64[],Int64[],false,false,"(self_direction = 1.12f0, stimulation = -0.91f0, hedonism = -0.45f0, achievement = -0.25f0, power = -0.84f0, security = 0.09f0, conformity = -0.34f0, tradition = 0.38f0, benevolence = 1.16f0, universalism = 0.03f0)"
1,5,"(5, 35)",23.0,1,6,1,female,"Bool[1, 1, 0, 1, 1, 0, 0, 1, 0, 0, 0]",Int64[],false,false,false,0.0,Int64[],Int64[],false,false,"(self_direction = 0.65f0, stimulation = -1.07f0, hedonism = -1.81f0, achievement = 0.18f0, power = 0.04f0, security = 1.21f0, conformity = 0.17f0, tradition = -0.26f0, benevolence = 0.35f0, universalism = 0.53f0)"
1,6,"(24, 28)",10.0,1,3,2,female,"Bool[0, 0, 0, 1, 0, 0, 0, 0, 1, 1, 0]",Int64[],false,false,false,0.0,Int64[],Int64[],false,false,"(self_direction = 0.22f0, stimulation = -3.54f0, hedonism = -1.15f0, achievement = 0.39f0, power = 0.42f0, security = 0.46f0, conformity = -0.19f0, tradition = 1.08f0, benevolence = 1.61f0, universalism = 0.7f0)"
1,7,"(9, 40)",10.0,1,1,1,male,"Bool[1, 0, 0, 1, 0, 0, 1, 0, 0, 1, 0]",Int64[],false,false,false,0.0,Int64[],Int64[],false,false,"(self_direction = 0.19f0, stimulation = -1.31f0, hedonism = -0.57f0, achievement = -0.3f0, power = -1.63f0, security = 0.7f0, conformity = 0.48f0, tradition = 0.19f0, benevolence = 1.45f0, universalism = 0.8f0)"
1,8,"(33, 21)",14.0,1,4,3,male,"Bool[1, 1, 1, 0, 0, 0, 1, 1, 0, 0, 1]",Int64[],false,false,false,0.0,Int64[],Int64[],false,false,"(self_direction = 0.93f0, stimulation = 0.74f0, hedonism = 0.21f0, achievement = -0.22f0, power = 0.61f0, security = -0.88f0, conformity = -0.74f0, tradition = -1.36f0, benevolence = 0.89f0, universalism = -0.19f0)"
1,9,"(13, 19)",9.0,1,2,4,male,"Bool[0, 0, 1, 0, 0, 1, 1, 0, 0, 1, 1]",Int64[],false,false,false,0.0,Int64[],Int64[],false,false,"(self_direction = 0.04f0, stimulation = 0.09f0, hedonism = 0.38f0, achievement = -0.7f0, power = -0.14f0, security = 0.6f0, conformity = -0.78f0, tradition = -0.62f0, benevolence = 0.44f0, universalism = 0.7f0)"
1,10,"(39, 45)",13.0,1,6,1,male,"Bool[0, 1, 0, 0, 0, 0, 1, 1, 0, 1, 0]",Int64[],false,false,false,0.0,Int64[],Int64[],false,false,"(self_direction = -0.22f0, stimulation = -1.58f0, hedonism = -0.44f0, achievement = 0.19f0, power = 1.67f0, security = -0.49f0, conformity = -1.29f0, tradition = 1.1f0, benevolence = 0.21f0, universalism = 0.86f0)"
1,11,"(35, 3)",9.0,1,2,2,male,"Bool[1, 1, 0, 0, 0, 0, 1, 1, 1, 1, 0]",Int64[],false,false,false,0.0,Int64[],Int64[],false,false,"(self_direction = 0.66f0, stimulation = -1.08f0, hedonism = -0.64f0, achievement = -1.11f0, power = 0.02f0, security = 0.15f0, conformity = -0.19f0, tradition = 0.6f0, benevolence = 1.11f0, universalism = 0.48f0)"
1,12,"(21, 9)",7.0,1,6,2,male,"Bool[1, 0, 0, 0, 0, 0, 0, 1, 0, 0, 1]",Int64[],false,false,false,0.0,Int64[],Int64[],false,false,"(self_direction = -1.71f0, stimulation = -1.91f0, hedonism = -1.53f0, achievement = 0.4f0, power = -0.28f0, security = 0.88f0, conformity = 1.08f0, tradition = 1.29f0, benevolence = 1.17f0, universalism = 0.62f0)"
1,13,"(17, 29)",12.0,1,6,4,male,"Bool[0, 1, 0, 0, 0, 1, 1, 1, 1, 0, 0]",Int64[],false,false,false,0.0,Int64[],Int64[],false,false,"(self_direction = 0.49f0, stimulation = -1.24f0, hedonism = -0.9f0, achievement = 0.78f0, power = -0.23f0, security = 1.31f0, conformity = -0.13f0, tradition = -1.05f0, benevolence = 0.61f0, universalism = 0.36f0)"
1,14,"(13, 40)",12.0,1,2,2,male,"Bool[0, 1, 0, 0, 0, 0, 1, 0, 0, 1, 1]",Int64[],false,false,false,0.0,Int64[],Int64[],false,false,"(self_direction = 0.2f0, stimulation = 0.04f0, hedonism = 1.05f0, achievement = -0.9f0, power = -1.31f0, security = 0.45f0, conformity = -0.64f0, tradition = 0.37f0, benevolence = 0.45f0, universalism = 0.28f0)"
1,15,"(28, 19)",5.0,1,4,2,female,"Bool[1, 0, 0, 1, 1, 0, 0, 1, 0, 1, 1]",Int64[],false,false,false,0.0,Int64[],Int64[],false,false,"(self_direction = 0.17f0, stimulation = 0.05f0, hedonism = 0.19f0, achievement = 0.91f0, power = -0.12f0, security = 1.41f0, conformity = -0.77f0, tradition = -1.7f0, benevolence = -0.53f0, universalism = 0.39f0)"
1,16,"(38, 38)",8.0,1,6,3,female,"Bool[1, 1, 0, 1, 1, 0, 0, 1, 1, 1, 1]",Int64[],false,false,false,0.0,Int64[],Int64[],false,false,"(self_direction = 0.83f0, stimulation = -0.3f0, hedonism = -0.72f0, achievement = 0.64f0, power = 0.28f0, security = 0.11f0, conformity = -0.24f0, tradition = -0.55f0, benevolence = -0.75f0, universalism = 0.68f0)"
1,17,"(13, 44)",23.0,1,1,2,male,"Bool[1, 0, 1, 1, 1, 0, 1, 0, 0, 1, 0]",Int64[],false,false,false,0.0,Int64[],Int64[],false,false,"(self_direction = -0.5f0, stimulation = -0.09f0, hedonism = 0.47f0, achievement = -0.3f0, power = 1.22f0, security = 0.57f0, conformity = -1.09f0, tradition = -0.68f0, benevolence = -0.07f0, universalism = 0.46f0)"
1,18,"(48, 18)",8.0,1,5,4,female,"Bool[1, 0, 1, 0, 1, 0, 1, 0, 1, 0, 1]",Int64[],false,false,false,0.0,Int64[],Int64[],false,false,"(self_direction = -0.62f0, stimulation = -0.06f0, hedonism = -0.12f0, achievement = 0.39f0, power = -2.42f0, security = 1.31f0, conformity = 1.08f0, tradition = 0.18f0, benevolence = 0.34f0, universalism = -0.08f0)"
1,19,"(48, 27)",20.0,1,4,2,female,"Bool[0, 1, 1, 0, 0, 0, 1, 0, 1, 1, 1]",Int64[],false,false,false,0.0,Int64[],Int64[],false,false,"(self_direction = -1.22f0, stimulation = -1.2f0, hedonism = 0.84f0, achievement = -0.6f0, power = -0.35f0, security = -0.21f0, conformity = 1.49f0, tradition = 0.75f0, benevolence = 0.68f0, universalism = -0.17f0)"
1,20,"(13, 9)",13.0,1,4,1,male,"Bool[0, 1, 1, 1, 0, 0, 1, 1, 0, 1, 0]",Int64[],false,false,false,0.0,Int64[],Int64[],false,false,"(self_direction = 0.59f0, stimulation = -0.24f0, hedonism = 0.48f0, achievement = -0.55f0, power = -1.44f0, security = 0.58f0, conformity = 0.76f0, tradition = -0.46f0, benevolence = 0.5f0, universalism = -0.23f0)"
1,21,"(6, 20)",23.0,1,4,1,female,"Bool[1, 1, 1, 1, 1, 0, 1, 0, 1, 1, 0]",Int64[],false,false,false,0.0,Int64[],Int64[],false,false,"(self_direction = 0.67f0, stimulation = -0.17f0, hedonism = 0.01f0, achievement = -0.58f0, power = -0.62f0, security = 0.56f0, conformity = -0.33f0, tradition = -0.85f0, benevolence = 1.12f0, universalism = 0.2f0)"
1,22,"(20, 18)",22.0,1,1,3,male,"Bool[1, 1, 0, 0, 0, 0, 1, 0, 1, 1, 1]",Int64[],false,false,false,0.0,Int64[],Int64[],false,false,"(self_direction = 0.31f0, stimulation = -0.39f0, hedonism = -2.45f0, achievement = -1.15f0, power = -1.42f0, security = 1.37f0, conformity = 0.8f0, tradition = 0.96f0, benevolence = 1.43f0, universalism = 0.55f0)"
1,23,"(31, 4)",25.0,1,2,1,male,"Bool[1, 1, 0, 0, 1, 0, 0, 0, 1, 1, 0]",Int64[],false,false,false,0.0,Int64[],Int64[],false,false,"(self_direction = -0.04f0, stimulation = 0.06f0, hedonism = -0.5f0, achievement = -0.78f0, power = -0.89f0, security = 1.14f0, conformity = 1.0f0, tradition = -1.39f0, benevolence = 0.19f0, universalism = 1.2f0)"
1,24,"(12, 50)",14.0,1,6,2,female,"Bool[1, 0, 0, 1, 0, 0, 0, 1, 1, 0, 1]",Int64[],false,false,false,0.0,Int64[],Int64[],false,false,"(self_direction = -0.27f0, stimulation = -2.78f0, hedonism = -1.22f0, achievement = 0.04f0, power = -0.46f0, security = 1.43f0, conformity = 2.56f0, tradition = 0.04f0, benevolence = 0.33f0, universalism = 0.33f0)"
1,25,"(10, 9)",15.0,1,2,3,female,"Bool[1, 0, 1, 1, 0, 1, 1, 0, 1, 0, 0]",Int64[],false,false,false,0.0,Int64[],Int64[],false,false,"(self_direction = -0.22f0, stimulation = -2.16f0, hedonism = 1.81f0, achievement = 0.64f0, power = 0.21f0, security = 0.81f0, conformity = -1.47f0, tradition = 0.46f0, benevolence = 0.46f0, universalism = -0.53f0)"
1,26,"(44, 17)",18.0,1,2,3,female,"Bool[1, 0, 1, 1, 0, 0, 1, 1, 1, 0, 1]",Int64[],false,false,false,0.0,Int64[],Int64[],false,false,"(self_direction = 0.66f0, stimulation = -1.26f0, hedonism = 0.52f0, achievement = 0.61f0, power = 0.57f0, security = -0.35f0, conformity = -1.07f0, tradition = -0.17f0, benevolence = 0.88f0, universalism = -0.38f0)"
1,27,"(37, 1)",24.0,1,1,3,male,"Bool[0, 0, 1, 1, 0, 1, 1, 0, 0, 1, 1]",Int64[],false,false,false,0.0,Int64[],Int64[],false,false,"(self_direction = -0.33f0, stimulation = -0.2f0, hedonism = -0.7f0, achievement = 0.0f0, power = -0.14f0, security = 0.83f0, conformity = 0.09f0, tradition = -0.14f0, benevolence = 0.76f0, universalism = -0.18f0)"
1,28,"(27, 18)",3.0,1,2,4,male,"Bool[0, 0, 1, 0, 1, 0, 0, 0, 0, 0, 1]",Int64[],false,false,false,0.0,Int64[],Int64[],false,false,"(self_direction = -0.49f0, stimulation = -2.07f0, hedonism = -0.02f0, achievement = 2.35f0, power = -1.2f0, security = 0.96f0, conformity = -0.58f0, tradition = -0.16f0, benevolence = 1.0f0, universalism = 0.22f0)"
1,29,"(42, 15)",12.0,1,5,4,male,"Bool[0, 0, 0, 1, 1, 0, 1, 1, 1, 0, 0]",Int64[],false,false,false,0.0,Int64[],Int64[],false,false,"(self_direction = 0.9f0, stimulation = -0.65f0, hedonism = 1.65f0, achievement = -1.87f0, power = -0.61f0, security = -0.87f0, conformity = -1.36f0, tradition = 0.48f0, benevolence = 0.82f0, universalism = 1.51f0)"
1,30,"(17, 38)",20.0,1,2,3,female,"Bool[0, 1, 1, 1, 0, 0, 1, 1, 1, 0, 0]",Int64[],false,false,false,0.0,Int64[],Int64[],false,false,"(self_direction = 0.8f0, stimulation = -1.4f0, hedonism = -0.49f0, achievement = 0.4f0, power = -0.13f0, security = 1.55f0, conformity = -1.37f0, tradition = -0.51f0, benevolence = 0.46f0, universalism = 0.7f0)"
1,31,"(18, 39)",22.0,1,5,2,female,"Bool[0, 1, 1, 0, 0, 1, 0, 1, 1, 1, 1]",Int64[],false,false,false,0.0,Int64[],Int64[],false,true,"(self_direction = -0.27f0, stimulation = -2.71f0, hedonism = -1.21f0, achievement = -0.95f0, power = 0.04f0, security = 1.59f0, conformity = 1.14f0, tradition = 1.6f0, benevolence = 0.31f0, universalism = 0.46f0)"
1,32,"(25, 41)",14.0,1,2,4,female,"Bool[1, 1, 1, 0, 1, 0, 0, 1, 1, 0, 1]",Int64[],false,false,false,0.0,Int64[],Int64[],false,false,"(self_direction = 1.49f0, stimulation = 0.87f0, hedonism = 1.44f0, achievement = -1.35f0, power = -0.26f0, security = -0.52f0, conformity = -1.91f0, tradition = -1.01f0, benevolence = 0.79f0, universalism = 0.45f0)"
1,33,"(27, 2)",5.0,1,2,4,female,"Bool[0, 1, 0, 1, 0, 1, 1, 0, 0, 0, 1]",Int64[],false,false,false,0.0,Int64[],Int64[],false,false,"(self_direction = 0.94f0, stimulation = -0.09f0, hedonism = 1.06f0, achievement = -1.63f0, power = -0.91f0, security = -0.54f0, conformity = -0.72f0, tradition = -0.15f0, benevolence = 1.01f0, universalism = 1.03f0)"
1,34,"(5, 33)",21.0,1,1,4,male,"Bool[1, 0, 1, 1, 1, 1, 1, 0, 1, 0, 0]",Int64[],false,false,false,0.0,Int64[],Int64[],false,false,"(self_direction = -0.59f0, stimulation = -1.96f0, hedonism = -0.34f0, achievement = 0.16f0, power = -0.77f0, security = 0.58f0, conformity = -0.43f0, tradition = 2.15f0, benevolence = 0.56f0, universalism = 0.64f0)"
1,35,"(31, 50)",11.0,1,4,2,male,"Bool[0, 0, 0, 1, 0, 0, 0, 1, 0, 0, 0]",Int64[],false,false,false,0.0,Int64[],Int64[],false,false,"(self_direction = 0.6f0, stimulation = -1.01f0, hedonism = -0.38f0, achievement = 0.52f0, power = -0.56f0, security = -2.14f0, conformity = -0.61f0, tradition = -0.1f0, benevolence = 2.09f0, universalism = 1.61f0)"
1,36,"(43, 42)",5.0,1,1,1,female,"Bool[1, 1, 1, 0, 1, 1, 0, 1, 1, 1, 1]",Int64[],false,false,false,0.0,Int64[],Int64[],false,false,"(self_direction = 0.12f0, stimulation = -2.4f0, hedonism = -1.47f0, achievement = -0.27f0, power = -0.9f0, security = 1.12f0, conformity = 1.4f0, tradition = 1.68f0, benevolence = -0.36f0, universalism = 1.08f0)"
1,37,"(25, 9)",4.0,1,6,3,female,"Bool[1, 1, 0, 1, 1, 0, 1, 0, 1, 0, 0]",Int64[],false,false,false,0.0,Int64[],Int64[],false,false,"(self_direction = 1.68f0, stimulation = -1.71f0, hedonism = 0.65f0, achievement = -0.12f0, power = -2.55f0, security = -0.61f0, conformity = -1.18f0, tradition = -0.39f0, benevolence = 2.42f0, universalism = 1.8f0)"
1,38,"(38, 16)",19.0,1,2,1,female,"Bool[0, 1, 1, 0, 1, 0, 0, 0, 0, 1, 1]",Int64[],false,false,false,0.0,Int64[],Int64[],false,false,"(self_direction = 0.12f0, stimulation = 0.08f0, hedonism = 0.25f0, achievement = 1.01f0, power = -0.44f0, security = -0.11f0, conformity = -1.19f0, tradition = 0.02f0, benevolence = 0.11f0, universalism = 0.15f0)"
1,39,"(9, 24)",14.0,1,1,1,female,"Bool[0, 0, 0, 1, 1, 0, 1, 1, 1, 1, 1]",Int64[],false,false,false,0.0,Int64[],Int64[],false,false,"(self_direction = -0.15f0, stimulation = -0.19f0, hedonism = -0.55f0, achievement = 0.45f0, power = 1.2f0, security = -0.52f0, conformity = -0.8f0, tradition = 0.05f0, benevolence = 0.75f0, universalism = -0.23f0)"
1,40,"(16, 37)",21.0,1,5,4,female,"Bool[0, 0, 1, 0, 0, 0, 0, 0, 1, 0, 1]",Int64[],false,false,false,0.0,Int64[],Int64[],false,false,"(self_direction = 0.84f0, stimulation = 0.21f0, hedonism = -1.56f0, achievement = 1.02f0, power = 1.64f0, security = 0.67f0, conformity = -0.06f0, tradition = -1.52f0, benevolence = -0.99f0, universalism = -0.26f0)"
1,41,"(2, 18)",3.0,1,1,3,female,"Bool[0, 1, 0, 0, 0, 1, 0, 1, 0, 1, 0]",Int64[],false,false,false,0.0,Int64[],Int64[],false,false,"(self_direction = -0.49f0, stimulation = -0.16f0, hedonism = 0.13f0, achievement = -0.1f0, power = -1.35f0, security = 1.11f0, conformity = -1.07f0, tradition = -0.01f0, benevolence = 0.91f0, universalism = 1.01f0)"
1,42,"(24, 13)",17.0,1,2,1,male,"Bool[1, 1, 1, 0, 1, 0, 1, 0, 1, 1, 0]",Int64[],false,false,false,0.0,Int64[],Int64[],false,false,"(self_direction = 0.88f0, stimulation = 0.55f0, hedonism = -0.27f0, achievement = 0.73f0, power = 0.52f0, security = -0.62f0, conformity = -1.69f0, tradition = -0.48f0, benevolence = 0.54f0, universalism = -0.16f0)"
1,43,"(46, 9)",8.0,1,3,4,male,"Bool[1, 1, 1, 1, 0, 1, 1, 1, 0, 0, 0]",Int64[],false,false,false,0.0,Int64[],Int64[],false,false,"(self_direction = -0.45f0, stimulation = -2.08f0, hedonism = 1.47f0, achievement = -0.47f0, power = -0.76f0, security = 0.95f0, conformity = 0.19f0, tradition = -0.03f0, benevolence = 0.39f0, universalism = 0.79f0)"
1,44,"(10, 1)",15.0,1,2,3,female,"Bool[1, 1, 1, 1, 0, 0, 1, 1, 0, 1, 1]",Int64[],false,false,false,0.0,Int64[],Int64[],false,false,"(self_direction = 0.02f0, stimulation = -0.28f0, hedonism = -0.04f0, achievement = 1.15f0, power = -1.55f0, security = -0.08f0, conformity = 0.43f0, tradition = 0.54f0, benevolence = -0.21f0, universalism = 0.02f0)"
1,45,"(44, 32)",11.0,1,6,3,male,"Bool[0, 1, 1, 1, 1, 0, 0, 1, 0, 0, 1]",Int64[],false,true,true,0.0,Int64[],Int64[],false,false,"(self_direction = -0.48f0, stimulation = -2.05f0, hedonism = -1.56f0, achievement = -1.4f0, power = -0.54f0, security = 1.16f0, conformity = 1.63f0, tradition = 2.56f0, benevolence = -0.07f0, universalism = 0.76f0)"
1,46,"(18, 40)",23.0,1,6,2,male,"Bool[1, 1, 0, 0, 1, 0, 1, 0, 1, 1, 0]",Int64[],false,false,false,0.0,Int64[],Int64[],false,false,"(self_direction = 0.22f0, stimulation = -2.48f0, hedonism = -0.52f0, achievement = -0.5f0, power = -1.06f0, security = 0.08f0, conformity = 0.24f0, tradition = 0.66f0, benevolence = 2.2f0, universalism = 1.16f0)"
1,47,"(5, 12)",7.0,1,2,4,female,"Bool[0, 0, 0, 1, 1, 0, 1, 1, 0, 0, 0]",Int64[],false,false,false,0.0,Int64[],Int64[],false,false,"(self_direction = 0.47f0, stimulation = -0.39f0, hedonism = 0.34f0, achievement = 0.09f0, power = -0.72f0, security = 0.13f0, conformity = -1.04f0, tradition = -0.77f0, benevolence = 1.16f0, universalism = 0.73f0)"
1,48,"(44, 33)",14.0,1,5,4,female,"Bool[0, 1, 0, 1, 1, 1, 1, 1, 1, 0, 0]",Int64[],false,true,false,0.0,Int64[],Int64[],false,false,"(self_direction = 0.1f0, stimulation = -2.17f0, hedonism = -0.87f0, achievement = 0.64f0, power = -0.12f0, security = 1.01f0, conformity = 0.82f0, tradition = -1.12f0, benevolence = 0.92f0, universalism = 0.79f0)"
1,49,"(6, 24)",12.0,1,1,1,female,"Bool[1, 1, 1, 0, 1, 1, 0, 0, 0, 0, 1]",Int64[],false,false,false,0.0,Int64[],Int64[],false,false,"(self_direction = 0.15f0, stimulation = 0.47f0, hedonism = -0.56f0, achievement = -1.05f0, power = 0.67f0, security = 0.56f0, conformity = 0.11f0, tradition = -1.57f0, benevolence = 1.24f0, universalism = -0.01f0)"
1,50,"(14, 21)",23.0,1,5,2,female,"Bool[1, 1, 1, 1, 1, 1, 0, 1, 1, 0, 1]",Int64[],false,false,false,0.0,Int64[],Int64[],false,false,"(self_direction = 1.23f0, stimulation = 1.17f0, hedonism = -0.07f0, achievement = -0.65f0, power = -0.34f0, security = 0.01f0, conformity = -0.82f0, tradition = -1.19f0, benevolence = 0.16f0, universalism = 0.5f0)"
2,1,"(2, 21)",5.0,2,6,2,male,"Bool[0, 0, 1, 1, 1, 0, 0, 0, 0, 1, 1]",Int64[],false,false,false,0.0,Int64[],Int64[],false,false,"(self_direction = 2.08f0, stimulation = -1.34f0, hedonism = -0.39f0, achievement = -2.18f0, power = -2.2f0, security = 0.51f0, conformity = -0.83f0, tradition = 0.53f0, benevolence = 1.2f0, universalism = 2.62f0)"
2,2,"(11, 45)",10.0,2,6,1,male,"Bool[1, 0, 1, 0, 0, 1, 1, 0, 0, 1, 1]",Int64[],false,false,false,0.0,Int64[],Int64[],false,false,"(self_direction = -0.2f0, stimulation = 1.94f0, hedonism = 0.34f0, achievement = -0.86f0, power = -0.56f0, security = 0.39f0, conformity = 1.37f0, tradition = -1.75f0, benevolence = -0.25f0, universalism = -0.43f0)"
2,3,"(30, 5)",12.0,2,1,4,female,"Bool[1, 1, 1, 0, 1, 0, 1, 1, 1, 0, 1]",Int64[],false,false,true,0.0,Int64[],Int64[],false,false,"(self_direction = -1.02f0, stimulation = 0.41f0, hedonism = 1.69f0, achievement = 0.94f0, power = -0.57f0, security = -0.62f0, conformity = -0.88f0, tradition = -2.08f0, benevolence = 0.85f0, universalism = 1.29f0)"
2,4,"(9, 13)",12.0,2,6,2,male,"Bool[1, 1, 1, 0, 0, 1, 1, 0, 1, 0, 0]",Int64[],false,false,false,0.0,Int64[],Int64[],false,false,"(self_direction = 1.12f0, stimulation = -0.91f0, hedonism = -0.45f0, achievement = -0.25f0, power = -0.84f0, security = 0.09f0, conformity = -0.34f0, tradition = 0.38f0, benevolence = 1.16f0, universalism = 0.03f0)"
2,5,"(6, 35)",24.0,2,6,1,female,"Bool[1, 1, 0, 1, 1, 0, 0, 1, 0, 0, 0]",Int64[],false,false,false,0.0,Int64[],Int64[],false,false,"(self_direction = 0.65f0, stimulation = -1.07f0, hedonism = -1.81f0, achievement = 0.18f0, power = 0.04f0, security = 1.21f0, conformity = 0.17f0, tradition = -0.26f0, benevolence = 0.35f0, universalism = 0.53f0)"
2,6,"(24, 28)",9.0,2,3,2,female,"Bool[0, 0, 0, 1, 0, 0, 0, 0, 1, 1, 0]",Int64[],false,false,false,0.0,Int64[],Int64[],false,false,"(self_direction = 0.22f0, stimulation = -3.54f0, hedonism = -1.15f0, achievement = 0.39f0, power = 0.42f0, security = 0.46f0, conformity = -0.19f0, tradition = 1.08f0, benevolence = 1.61f0, universalism = 0.7f0)"
2,7,"(9, 39)",12.0,2,1,1,male,"Bool[1, 0, 0, 1, 0, 0, 1, 0, 0, 1, 0]",Int64[],false,false,false,0.0,Int64[],Int64[],false,false,"(self_direction = 0.19f0, stimulation = -1.31f0, hedonism = -0.57f0, achievement = -0.3f0, power = -1.63f0, security = 0.7f0, conformity = 0.48f0, tradition = 0.19f0, benevolence = 1.45f0, universalism = 0.8f0)"
2,8,"(33, 17)",14.0,2,4,3,male,"Bool[1, 1, 1, 0, 0, 0, 1, 1, 0, 0, 1]",Int64[],false,false,false,0.0,Int64[],Int64[],false,false,"(self_direction = 0.93f0, stimulation = 0.74f0, hedonism = 0.21f0, achievement = -0.22f0, power = 0.61f0, security = -0.88f0, conformity = -0.74f0, tradition = -1.36f0, benevolence = 0.89f0, universalism = -0.19f0)"
2,9,"(13, 19)",5.0,2,2,4,male,"Bool[0, 0, 1, 0, 0, 1, 1, 0, 0, 1, 1]",Int64[],false,false,false,0.0,Int64[],Int64[],false,false,"(self_direction = 0.04f0, stimulation = 0.09f0, hedonism = 0.38f0, achievement = -0.7f0, power = -0.14f0, security = 0.6f0, conformity = -0.78f0, tradition = -0.62f0, benevolence = 0.44f0, universalism = 0.7f0)"
2,10,"(39, 45)",12.0,2,6,1,male,"Bool[0, 1, 0, 0, 0, 0, 1, 1, 0, 1, 0]",Int64[],false,false,false,0.0,Int64[],Int64[],false,false,"(self_direction = -0.22f0, stimulation = -1.58f0, hedonism = -0.44f0, achievement = 0.19f0, power = 1.67f0, security = -0.49f0, conformity = -1.29f0, tradition = 1.1f0, benevolence = 0.21f0, universalism = 0.86f0)"
2,11,"(34, 3)",10.0,2,2,2,male,"Bool[1, 1, 0, 0, 0, 0, 1, 1, 1, 1, 0]",Int64[],false,false,false,0.0,Int64[],Int64[],false,false,"(self_direction = 0.66f0, stimulation = -1.08f0, hedonism = -0.64f0, achievement = -1.11f0, power = 0.02f0, security = 0.15f0, conformity = -0.19f0, tradition = 0.6f0, benevolence = 1.11f0, universalism = 0.48f0)"
2,12,"(24, 9)",7.0,2,6,2,male,"Bool[1, 0, 0, 0, 0, 0, 0, 1, 0, 0, 1]",Int64[],false,false,false,0.0,Int64[],Int64[],false,true,"(self_direction = -1.71f0, stimulation = -1.91f0, hedonism = -1.53f0, achievement = 0.4f0, power = -0.28f0, security = 0.88f0, conformity = 1.08f0, tradition = 1.29f0, benevolence = 1.17f0, universalism = 0.62f0)"
2,13,"(17, 33)",11.0,2,6,4,male,"Bool[0, 1, 0, 0, 0, 1, 1, 1, 1, 0, 0]",Int64[],false,false,false,0.0,Int64[],Int64[],false,false,"(self_direction = 0.49f0, stimulation = -1.24f0, hedonism = -0.9f0, achievement = 0.78f0, power = -0.23f0, security = 1.31f0, conformity = -0.13f0, tradition = -1.05f0, benevolence = 0.61f0, universalism = 0.36f0)"
2,14,"(13, 39)",14.0,2,2,2,male,"Bool[0, 1, 0, 0, 0, 0, 1, 0, 0, 1, 1]",Int64[],false,false,false,0.0,Int64[],Int64[],false,false,"(self_direction = 0.2f0, stimulation = 0.04f0, hedonism = 1.05f0, achievement = -0.9f0, power = -1.31f0, security = 0.45f0, conformity = -0.64f0, tradition = 0.37f0, benevolence = 0.45f0, universalism = 0.28f0)"
2,15,"(29, 19)",5.0,2,4,2,female,"Bool[1, 0, 0, 1, 1, 0, 0, 1, 0, 1, 1]",Int64[],false,false,false,0.0,Int64[],Int64[],false,false,"(self_direction = 0.17f0, stimulation = 0.05f0, hedonism = 0.19f0, achievement = 0.91f0, power = -0.12f0, security = 1.41f0, conformity = -0.77f0, tradition = -1.7f0, benevolence = -0.53f0, universalism = 0.39f0)"
2,16,"(38, 38)",5.0,2,6,3,female,"Bool[1, 1, 0, 1, 1, 0, 0, 1, 1, 1, 1]",Int64[],false,false,false,0.0,Int64[],Int64[],false,false,"(self_direction = 0.83f0, stimulation = -0.3f0, hedonism = -0.72f0, achievement = 0.64f0, power = 0.28f0, security = 0.11f0, conformity = -0.24f0, tradition = -0.55f0, benevolence = -0.75f0, universalism = 0.68f0)"
2,17,"(13, 43)",24.0,2,1,2,male,"Bool[1, 0, 1, 1, 1, 0, 1, 0, 0, 1, 0]",Int64[],false,false,false,0.0,Int64[],Int64[],false,false,"(self_direction = -0.5f0, stimulation = -0.09f0, hedonism = 0.47f0, achievement = -0.3f0, power = 1.22f0, security = 0.57f0, conformity = -1.09f0, tradition = -0.68f0, benevolence = -0.07f0, universalism = 0.46f0)"
2,18,"(43, 18)",6.0,2,5,4,female,"Bool[1, 0, 1, 0, 1, 0, 1, 0, 1, 0, 1]",Int64[],false,false,false,0.0,Int64[],Int64[],false,false,"(self_direction = -0.62f0, stimulation = -0.06f0, hedonism = -0.12f0, achievement = 0.39f0, power = -2.42f0, security = 1.31f0, conformity = 1.08f0, tradition = 0.18f0, benevolence = 0.34f0, universalism = -0.08f0)"
2,19,"(48, 27)",18.0,2,4,2,female,"Bool[0, 1, 1, 0, 0, 0, 1, 0, 1, 1, 1]",Int64[],false,false,false,0.0,Int64[],Int64[],false,false,"(self_direction = -1.22f0, stimulation = -1.2f0, hedonism = 0.84f0, achievement = -0.6f0, power = -0.35f0, security = -0.21f0, conformity = 1.49f0, tradition = 0.75f0, benevolence = 0.68f0, universalism = -0.17f0)"
2,20,"(13, 9)",12.0,2,4,1,male,"Bool[0, 1, 1, 1, 0, 0, 1, 1, 0, 1, 0]",Int64[],false,false,false,0.0,Int64[],Int64[],false,false,"(self_direction = 0.59f0, stimulation = -0.24f0, hedonism = 0.48f0, achievement = -0.55f0, power = -1.44f0, security = 0.58f0, conformity = 0.76f0, tradition = -0.46f0, benevolence = 0.5f0, universalism = -0.23f0)"
2,21,"(6, 20)",22.0,2,4,1,female,"Bool[1, 1, 1, 1, 1, 0, 1, 0, 1, 1, 0]",Int64[],false,false,false,0.0,Int64[],Int64[],false,false,"(self_direction = 0.67f0, stimulation = -0.17f0, hedonism = 0.01f0, achievement = -0.58f0, power = -0.62f0, security = 0.56f0, conformity = -0.33f0, tradition = -0.85f0, benevolence = 1.12f0, universalism = 0.2f0)"
2,22,"(20, 18)",19.0,2,1,3,male,"Bool[1, 1, 0, 0, 0, 0, 1, 0, 1, 1, 1]",Int64[],false,false,false,0.0,Int64[],Int64[],false,false,"(self_direction = 0.31f0, stimulation = -0.39f0, hedonism = -2.45f0, achievement = -1.15f0, power = -1.42f0, security = 1.37f0, conformity = 0.8f0, tradition = 0.96f0, benevolence = 1.43f0, universalism = 0.55f0)"
2,23,"(31, 5)",27.0,2,2,1,male,"Bool[1, 1, 0, 0, 1, 0, 0, 0, 1, 1, 0]",Int64[],false,true,false,0.0,Int64[],Int64[],false,false,"(self_direction = -0.04f0, stimulation = 0.06f0, hedonism = -0.5f0, achievement = -0.78f0, power = -0.89f0, security = 1.14f0, conformity = 1.0f0, tradition = -1.39f0, benevolence = 0.19f0, universalism = 1.2f0)"
2,24,"(12, 46)",15.0,2,6,2,female,"Bool[1, 0, 0, 1, 0, 0, 0, 1, 1, 0, 1]",Int64[],false,true,false,0.0,Int64[],Int64[],false,false,"(self_direction = -0.27f0, stimulation = -2.78f0, hedonism = -1.22f0, achievement = 0.04f0, power = -0.46f0, security = 1.43f0, conformity = 2.56f0, tradition = 0.04f0, benevolence = 0.33f0, universalism = 0.33f0)"
2,25,"(10, 9)",12.0,2,2,3,female,"Bool[1, 0, 1, 1, 0, 1, 1, 0, 1, 0, 0]",Int64[],false,false,false,0.0,Int64[],Int64[],false,false,"(self_direction = -0.22f0, stimulation = -2.16f0, hedonism = 1.81f0, achievement = 0.64f0, power = 0.21f0, security = 0.81f0, conformity = -1.47f0, tradition = 0.46f0, benevolence = 0.46f0, universalism = -0.53f0)"
2,26,"(44, 16)",17.0,2,2,3,female,"Bool[1, 0, 1, 1, 0, 0, 1, 1, 1, 0, 1]",Int64[],false,false,false,0.0,Int64[],Int64[],false,false,"(self_direction = 0.66f0, stimulation = -1.26f0, hedonism = 0.52f0, achievement = 0.61f0, power = 0.57f0, security = -0.35f0, conformity = -1.07f0, tradition = -0.17f0, benevolence = 0.88f0, universalism = -0.38f0)"
2,27,"(36, 1)",23.0,2,1,3,male,"Bool[0, 0, 1, 1, 0, 1, 1, 0, 0, 1, 1]",Int64[],false,false,false,0.0,Int64[],Int64[],false,false,"(self_direction = -0.33f0, stimulation = -0.2f0, hedonism = -0.7f0, achievement = 0.0f0, power = -0.14f0, security = 0.83f0, conformity = 0.09f0, tradition = -0.14f0, benevolence = 0.76f0, universalism = -0.18f0)"
2,28,"(27, 17)",1.0,2,2,4,male,"Bool[0, 0, 1, 0, 1, 0, 0, 0, 0, 0, 1]",Int64[],false,false,false,0.0,Int64[],Int64[],false,false,"(self_direction = -0.49f0, stimulation = -2.07f0, hedonism = -0.02f0, achievement = 2.35f0, power = -1.2f0, security = 0.96f0, conformity = -0.58f0, tradition = -0.16f0, benevolence = 1.0f0, universalism = 0.22f0)"
2,29,"(41, 14)",11.0,2,5,4,male,"Bool[0, 0, 0, 1, 1, 0, 1, 1, 1, 0, 0]",Int64[],false,false,false,0.0,Int64[],Int64[],false,false,"(self_direction = 0.9f0, stimulation = -0.65f0, hedonism = 1.65f0, achievement = -1.87f0, power = -0.61f0, security = -0.87f0, conformity = -1.36f0, tradition = 0.48f0, benevolence = 0.82f0, universalism = 1.51f0)"
2,30,"(16, 38)",21.0,2,2,3,female,"Bool[0, 1, 1, 1, 0, 0, 1, 1, 1, 0, 0]",Int64[],false,true,false,0.0,Int64[],Int64[],false,false,"(self_direction = 0.8f0, stimulation = -1.4f0, hedonism = -0.49f0, achievement = 0.4f0, power = -0.13f0, security = 1.55f0, conformity = -1.37f0, tradition = -0.51f0, benevolence = 0.46f0, universalism = 0.7f0)"
2,31,"(17, 39)",24.0,2,5,2,female,"Bool[0, 1, 1, 0, 0, 1, 0, 1, 1, 1, 1]",Int64[],false,false,false,0.0,Int64[],Int64[],false,true,"(self_direction = -0.27f0, stimulation = -2.71f0, hedonism = -1.21f0, achievement = -0.95f0, power = 0.04f0, security = 1.59f0, conformity = 1.14f0, tradition = 1.6f0, benevolence = 0.31f0, universalism = 0.46f0)"
2,32,"(25, 40)",12.0,2,2,4,female,"Bool[1, 1, 1, 0, 1, 0, 0, 1, 1, 0, 1]",Int64[],false,false,false,0.0,Int64[],Int64[],false,false,"(self_direction = 1.49f0, stimulation = 0.87f0, hedonism = 1.44f0, achievement = -1.35f0, power = -0.26f0, security = -0.52f0, conformity = -1.91f0, tradition = -1.01f0, benevolence = 0.79f0, universalism = 0.45f0)"
2,33,"(28, 2)",3.0,2,2,4,female,"Bool[0, 1, 0, 1, 0, 1, 1, 0, 0, 0, 1]",Int64[],false,false,false,0.0,Int64[],Int64[],false,false,"(self_direction = 0.94f0, stimulation = -0.09f0, hedonism = 1.06f0, achievement = -1.63f0, power = -0.91f0, security = -0.54f0, conformity = -0.72f0, tradition = -0.15f0, benevolence = 1.01f0, universalism = 1.03f0)"
2,34,"(6, 33)",19.0,2,1,4,male,"Bool[1, 0, 1, 1, 1, 1, 1, 0, 1, 0, 0]",Int64[],false,false,false,0.0,Int64[],Int64[],false,false,"(self_direction = -0.59f0, stimulation = -1.96f0, hedonism = -0.34f0, achievement = 0.16f0, power = -0.77f0, security = 0.58f0, conformity = -0.43f0, tradition = 2.15f0, benevolence = 0.56f0, universalism = 0.64f0)"
2,35,"(31, 50)",9.0,2,4,2,male,"Bool[0, 0, 0, 1, 0, 0, 0, 1, 0, 0, 0]",Int64[],false,false,false,0.0,Int64[],Int64[],false,false,"(self_direction = 0.6f0, stimulation = -1.01f0, hedonism = -0.38f0, achievement = 0.52f0, power = -0.56f0, security = -2.14f0, conformity = -0.61f0, tradition = -0.1f0, benevolence = 2.09f0, universalism = 1.61f0)"
2,36,"(43, 42)",4.0,2,1,1,female,"Bool[1, 1, 1, 0, 1, 1, 0, 1, 1, 1, 1]",Int64[],false,false,false,0.0,Int64[],Int64[],false,false,"(self_direction = 0.12f0, stimulation = -2.4f0, hedonism = -1.47f0, achievement = -0.27f0, power = -0.9f0, security = 1.12f0, conformity = 1.4f0, tradition = 1.68f0, benevolence = -0.36f0, universalism = 1.08f0)"
2,37,"(26, 9)",3.0,2,6,3,female,"Bool[1, 1, 0, 1, 1, 0, 1, 0, 1, 0, 0]",Int64[],false,false,false,0.0,Int64[],Int64[],false,false,"(self_direction = 1.68f0, stimulation = -1.71f0, hedonism = 0.65f0, achievement = -0.12f0, power = -2.55f0, security = -0.61f0, conformity = -1.18f0, tradition = -0.39f0, benevolence = 2.42f0, universalism = 1.8f0)"
2,38,"(38, 15)",21.0,2,2,1,female,"Bool[0, 1, 1, 0, 1, 0, 0, 0, 0, 1, 1]",Int64[],false,false,false,0.0,Int64[],Int64[],false,false,"(self_direction = 0.12f0, stimulation = 0.08f0, hedonism = 0.25f0, achievement = 1.01f0, power = -0.44f0, security = -0.11f0, conformity = -1.19f0, tradition = 0.02f0, benevolence = 0.11f0, universalism = 0.15f0)"
2,39,"(9, 24)",13.0,2,1,1,female,"Bool[0, 0, 0, 1, 1, 0, 1, 1, 1, 1, 1]",Int64[],false,false,false,0.0,Int64[],Int64[],false,false,"(self_direction = -0.15f0, stimulation = -0.19f0, hedonism = -0.55f0, achievement = 0.45f0, power = 1.2f0, security = -0.52f0, conformity = -0.8f0, tradition = 0.05f0, benevolence = 0.75f0, universalism = -0.23f0)"
2,40,"(15, 37)",21.0,2,5,4,female,"Bool[0, 1, 1, 0, 0, 0, 0, 0, 1, 0, 1]",Int64[],false,false,false,0.0,Int64[],Int64[],false,false,"(self_direction = 0.84f0, stimulation = 0.21f0, hedonism = -1.56f0, achievement = 1.02f0, power = 1.64f0, security = 0.67f0, conformity = -0.06f0, tradition = -1.52f0, benevolence = -0.99f0, universalism = -0.26f0)"
2,42,"(24, 12)",18.0,2,2,1,male,"Bool[1, 1, 1, 0, 1, 0, 1, 0, 1, 1, 0]",Int64[],false,false,false,0.0,Int64[],Int64[],false,false,"(self_direction = 0.88f0, stimulation = 0.55f0, hedonism = -0.27f0, achievement = 0.73f0, power = 0.52f0, security = -0.62f0, conformity = -1.69f0, tradition = -0.48f0, benevolence = 0.54f0, universalism = -0.16f0)"
2,43,"(46, 8)",6.0,2,3,4,male,"Bool[1, 1, 1, 1, 0, 1, 1, 1, 0, 0, 0]",Int64[],false,false,false,0.0,Int64[],Int64[],false,false,"(self_direction = -0.45f0, stimulation = -2.08f0, hedonism = 1.47f0, achievement = -0.47f0, power = -0.76f0, security = 0.95f0, conformity = 0.19f0, tradition = -0.03f0, benevolence = 0.39f0, universalism = 0.79f0)"
2,44,"(10, 1)",12.0,2,2,3,female,"Bool[1, 1, 1, 1, 0, 0, 1, 1, 0, 1, 1]",Int64[],false,false,false,0.0,Int64[],Int64[],false,false,"(self_direction = 0.02f0, stimulation = -0.28f0, hedonism = -0.04f0, achievement = 1.15f0, power = -1.55f0, security = -0.08f0, conformity = 0.43f0, tradition = 0.54f0, benevolence = -0.21f0, universalism = 0.02f0)"
2,45,"(44, 32)",8.0,2,6,3,male,"Bool[0, 1, 1, 1, 1, 0, 0, 1, 0, 0, 1]",Int64[],false,true,false,0.0,Int64[],Int64[],false,false,"(self_direction = -0.48f0, stimulation = -2.05f0, hedonism = -1.56f0, achievement = -1.4f0, power = -0.54f0, security = 1.16f0, conformity = 1.63f0, tradition = 2.56f0, benevolence = -0.07f0, universalism = 0.76f0)"
2,46,"(17, 40)",25.0,2,6,2,male,"Bool[1, 1, 0, 0, 1, 0, 1, 0, 1, 1, 0]",Int64[],false,false,false,0.0,Int64[],Int64[],false,true,"(self_direction = 0.22f0, stimulation = -2.48f0, hedonism = -0.52f0, achievement = -0.5f0, power = -1.06f0, security = 0.08f0, conformity = 0.24f0, tradition = 0.66f0, benevolence = 2.2f0, universalism = 1.16f0)"
2,47,"(5, 12)",3.0,2,2,4,female,"Bool[0, 0, 0, 1, 1, 0, 1, 1, 0, 0, 0]",Int64[],false,false,false,0.0,Int64[],Int64[],false,false,"(self_direction = 0.47f0, stimulation = -0.39f0, hedonism = 0.34f0, achievement = 0.09f0, power = -0.72f0, security = 0.13f0, conformity = -1.04f0, tradition = -0.77f0, benevolence = 1.16f0, universalism = 0.73f0)"
2,48,"(44, 33)",10.0,2,5,4,female,"Bool[0, 1, 1, 1, 1, 1, 1, 1, 1, 0, 0]",Int64[],false,false,false,0.0,Int64[],Int64[],false,false,"(self_direction = 0.1f0, stimulation = -2.17f0, hedonism = -0.87f0, achievement = 0.64f0, power = -0.12f0, security = 1.01f0, conformity = 0.82f0, tradition = -1.12f0, benevolence = 0.92f0, universalism = 0.79f0)"
2,49,"(6, 24)",11.0,2,1,1,female,"Bool[1, 1, 1, 0, 1, 1, 0, 0, 0, 0, 1]",Int64[],false,false,false,0.0,Int64[],Int64[],false,false,"(self_direction = 0.15f0, stimulation = 0.47f0, hedonism = -0.56f0, achievement = -1.05f0, power = 0.67f0, security = 0.56f0, conformity = 0.11f0, tradition = -1.57f0, benevolence = 1.24f0, universalism = -0.01f0)"
2,50,"(14, 21)",21.0,2,5,2,female,"Bool[1, 1, 1, 1, 1, 1, 0, 1, 1, 0, 1]",Int64[],false,false,false,0.0,Int64[],Int64[],false,false,"(self_direction = 1.23f0, stimulation = 1.17f0, hedonism = -0.07f0, achievement = -0.65f0, power = -0.34f0, security = 0.01f0, conformity = -0.82f0, tradition = -1.19f0, benevolence = 0.16f0, universalism = 0.5f0)"
3,1,"(2, 21)",3.0,3,6,2,male,"Bool[0, 0, 1, 1, 1, 0, 0, 0, 0, 1, 1]",Int64[],false,false,false,0.0,Int64[],Int64[],false,false,"(self_direction = 2.08f0, stimulation = -1.34f0, hedonism = -0.39f0, achievement = -2.18f0, power = -2.2f0, security = 0.51f0, conformity = -0.83f0, tradition = 0.53f0, benevolence = 1.2f0, universalism = 2.62f0)"
3,2,"(11, 44)",12.0,3,6,1,male,"Bool[1, 0, 1, 0, 0, 1, 1, 0, 0, 1, 1]",Int64[],false,false,false,0.0,Int64[],Int64[],false,false,"(self_direction = -0.2f0, stimulation = 1.94f0, hedonism = 0.34f0, achievement = -0.86f0, power = -0.56f0, security = 0.39f0, conformity = 1.37f0, tradition = -1.75f0, benevolence = -0.25f0, universalism = -0.43f0)"
3,3,"(30, 4)",10.0,3,1,4,female,"Bool[1, 1, 1, 0, 1, 0, 1, 1, 1, 0, 1]",Int64[],false,false,false,0.0,Int64[],Int64[],false,false,"(self_direction = -1.02f0, stimulation = 0.41f0, hedonism = 1.69f0, achievement = 0.94f0, power = -0.57f0, security = -0.62f0, conformity = -0.88f0, tradition = -2.08f0, benevolence = 0.85f0, universalism = 1.29f0)"
3,4,"(9, 13)",10.0,3,6,2,male,"Bool[1, 1, 1, 0, 0, 1, 1, 0, 1, 0, 0]",Int64[],false,false,false,0.0,Int64[],Int64[],false,false,"(self_direction = 1.12f0, stimulation = -0.91f0, hedonism = -0.45f0, achievement = -0.25f0, power = -0.84f0, security = 0.09f0, conformity = -0.34f0, tradition = 0.38f0, benevolence = 1.16f0, universalism = 0.03f0)"
3,5,"(7, 35)",25.0,3,6,1,female,"Bool[1, 1, 0, 1, 1, 0, 0, 1, 0, 0, 0]",Int64[],false,false,false,0.0,Int64[],Int64[],false,false,"(self_direction = 0.65f0, stimulation = -1.07f0, hedonism = -1.81f0, achievement = 0.18f0, power = 0.04f0, security = 1.21f0, conformity = 0.17f0, tradition = -0.26f0, benevolence = 0.35f0, universalism = 0.53f0)"
3,6,"(24, 28)",8.0,3,3,2,female,"Bool[0, 0, 0, 1, 0, 0, 0, 0, 1, 1, 0]",Int64[],false,false,false,0.0,Int64[],Int64[],false,false,"(self_direction = 0.22f0, stimulation = -3.54f0, hedonism = -1.15f0, achievement = 0.39f0, power = 0.42f0, security = 0.46f0, conformity = -0.19f0, tradition = 1.08f0, benevolence = 1.61f0, universalism = 0.7f0)"
3,7,"(9, 38)",14.0,3,1,1,male,"Bool[1, 0, 0, 1, 0, 0, 1, 0, 0, 1, 0]",Int64[],false,false,false,0.0,Int64[],Int64[],false,false,"(self_direction = 0.19f0, stimulation = -1.31f0, hedonism = -0.57f0, achievement = -0.3f0, power = -1.63f0, security = 0.7f0, conformity = 0.48f0, tradition = 0.19f0, benevolence = 1.45f0, universalism = 0.8f0)"
3,8,"(33, 16)",14.0,3,4,3,male,"Bool[1, 1, 1, 0, 0, 0, 1, 1, 0, 0, 1]",Int64[],false,false,false,0.0,Int64[],Int64[],false,false,"(self_direction = 0.93f0, stimulation = 0.74f0, hedonism = 0.21f0, achievement = -0.22f0, power = 0.61f0, security = -0.88f0, conformity = -0.74f0, tradition = -1.36f0, benevolence = 0.89f0, universalism = -0.19f0)"
3,9,"(13, 19)",1.0,3,2,4,male,"Bool[0, 0, 1, 0, 0, 1, 1, 0, 0, 1, 1]",Int64[],false,false,false,0.0,Int64[],Int64[],false,false,"(self_direction = 0.04f0, stimulation = 0.09f0, hedonism = 0.38f0, achievement = -0.7f0, power = -0.14f0, security = 0.6f0, conformity = -0.78f0, tradition = -0.62f0, benevolence = 0.44f0, universalism = 0.7f0)"
3,10,"(39, 45)",11.0,3,6,1,male,"Bool[0, 1, 0, 0, 0, 0, 1, 1, 0, 1, 0]",Int64[],false,false,false,0.0,Int64[],Int64[],false,false,"(self_direction = -0.22f0, stimulation = -1.58f0, hedonism = -0.44f0, achievement = 0.19f0, power = 1.67f0, security = -0.49f0, conformity = -1.29f0, tradition = 1.1f0, benevolence = 0.21f0, universalism = 0.86f0)"
3,11,"(33, 3)",11.0,3,2,2,male,"Bool[1, 1, 0, 0, 0, 0, 1, 1, 1, 1, 0]",Int64[],false,false,false,0.0,Int64[],Int64[],false,false,"(self_direction = 0.66f0, stimulation = -1.08f0, hedonism = -0.64f0, achievement = -1.11f0, power = 0.02f0, security = 0.15f0, conformity = -0.19f0, tradition = 0.6f0, benevolence = 1.11f0, universalism = 0.48f0)"
3,12,"(28, 9)",8.0,3,6,2,male,"Bool[1, 0, 0, 0, 0, 0, 0, 1, 0, 0, 1]",Int64[],false,false,false,0.0,Int64[],Int64[],false,false,"(self_direction = -1.71f0, stimulation = -1.91f0, hedonism = -1.53f0, achievement = 0.4f0, power = -0.28f0, security = 0.88f0, conformity = 1.08f0, tradition = 1.29f0, benevolence = 1.17f0, universalism = 0.62f0)"
3,13,"(16, 33)",10.0,3,6,4,male,"Bool[0, 1, 0, 0, 0, 1, 1, 1, 1, 0, 0]",Int64[],false,false,false,0.0,Int64[],Int64[],false,false,"(self_direction = 0.49f0, stimulation = -1.24f0, hedonism = -0.9f0, achievement = 0.78f0, power = -0.23f0, security = 1.31f0, conformity = -0.13f0, tradition = -1.05f0, benevolence = 0.61f0, universalism = 0.36f0)"
3,14,"(13, 38)",16.0,3,2,2,male,"Bool[0, 1, 0, 0, 0, 0, 1, 0, 0, 1, 1]",Int64[],false,false,false,0.0,Int64[],Int64[],false,false,"(self_direction = 0.2f0, stimulation = 0.04f0, hedonism = 1.05f0, achievement = -0.9f0, power = -1.31f0, security = 0.45f0, conformity = -0.64f0, tradition = 0.37f0, benevolence = 0.45f0, universalism = 0.28f0)"
3,15,"(30, 19)",5.0,3,4,2,female,"Bool[1, 0, 0, 1, 1, 0, 0, 1, 0, 1, 1]",Int64[],false,false,false,0.0,Int64[],Int64[],false,false,"(self_direction = 0.17f0, stimulation = 0.05f0, hedonism = 0.19f0, achievement = 0.91f0, power = -0.12f0, security = 1.41f0, conformity = -0.77f0, tradition = -1.7f0, benevolence = -0.53f0, universalism = 0.39f0)"
3,16,"(38, 38)",2.0,3,6,3,female,"Bool[1, 1, 0, 1, 1, 0, 0, 1, 1, 1, 1]",Int64[],false,false,false,0.0,Int64[],Int64[],false,false,"(self_direction = 0.83f0, stimulation = -0.3f0, hedonism = -0.72f0, achievement = 0.64f0, power = 0.28f0, security = 0.11f0, conformity = -0.24f0, tradition = -0.55f0, benevolence = -0.75f0, universalism = 0.68f0)"
3,17,"(13, 42)",26.0,3,1,2,male,"Bool[1, 0, 1, 1, 1, 0, 1, 0, 0, 1, 0]",Int64[],false,false,false,0.0,Int64[],Int64[],false,false,"(self_direction = -0.5f0, stimulation = -0.09f0, hedonism = 0.47f0, achievement = -0.3f0, power = 1.22f0, security = 0.57f0, conformity = -1.09f0, tradition = -0.68f0, benevolence = -0.07f0, universalism = 0.46f0)"
3,18,"(42, 18)",4.0,3,5,4,female,"Bool[1, 0, 1, 0, 1, 0, 1, 0, 1, 0, 1]",Int64[],false,false,false,0.0,Int64[],Int64[],false,false,"(self_direction = -0.62f0, stimulation = -0.06f0, hedonism = -0.12f0, achievement = 0.39f0, power = -2.42f0, security = 1.31f0, conformity = 1.08f0, tradition = 0.18f0, benevolence = 0.34f0, universalism = -0.08f0)"
3,19,"(48, 27)",16.0,3,4,2,female,"Bool[0, 1, 1, 0, 0, 0, 1, 0, 1, 1, 1]",Int64[],false,false,false,0.0,Int64[],Int64[],false,false,"(self_direction = -1.22f0, stimulation = -1.2f0, hedonism = 0.84f0, achievement = -0.6f0, power = -0.35f0, security = -0.21f0, conformity = 1.49f0, tradition = 0.75f0, benevolence = 0.68f0, universalism = -0.17f0)"
3,20,"(13, 9)",11.0,3,4,1,male,"Bool[0, 1, 1, 1, 0, 0, 1, 1, 0, 1, 0]",Int64[],false,false,false,0.0,Int64[],Int64[],false,false,"(self_direction = 0.59f0, stimulation = -0.24f0, hedonism = 0.48f0, achievement = -0.55f0, power = -1.44f0, security = 0.58f0, conformity = 0.76f0, tradition = -0.46f0, benevolence = 0.5f0, universalism = -0.23f0)"
3,21,"(6, 20)",21.0,3,4,1,female,"Bool[1, 1, 1, 1, 1, 0, 1, 0, 1, 1, 0]",Int64[],false,false,false,0.0,Int64[],Int64[],false,false,"(self_direction = 0.67f0, stimulation = -0.17f0, hedonism = 0.01f0, achievement = -0.58f0, power = -0.62f0, security = 0.56f0, conformity = -0.33f0, tradition = -0.85f0, benevolence = 1.12f0, universalism = 0.2f0)"
3,22,"(20, 18)",16.0,3,1,3,male,"Bool[1, 1, 0, 0, 0, 0, 1, 0, 1, 1, 1]",Int64[],false,false,false,0.0,Int64[],Int64[],false,false,"(self_direction = 0.31f0, stimulation = -0.39f0, hedonism = -2.45f0, achievement = -1.15f0, power = -1.42f0, security = 1.37f0, conformity = 0.8f0, tradition = 0.96f0, benevolence = 1.43f0, universalism = 0.55f0)"
3,23,"(32, 5)",29.0,3,2,1,male,"Bool[1, 1, 0, 0, 1, 0, 0, 0, 1, 1, 0]",Int64[],false,false,false,0.0,Int64[],Int64[],false,false,"(self_direction = -0.04f0, stimulation = 0.06f0, hedonism = -0.5f0, achievement = -0.78f0, power = -0.89f0, security = 1.14f0, conformity = 1.0f0, tradition = -1.39f0, benevolence = 0.19f0, universalism = 1.2f0)"
3,24,"(13, 45)",16.0,3,6,2,female,"Bool[1, 0, 0, 1, 0, 0, 0, 1, 1, 0, 1]",Int64[],false,false,false,0.0,Int64[],Int64[],false,false,"(self_direction = -0.27f0, stimulation = -2.78f0, hedonism = -1.22f0, achievement = 0.04f0, power = -0.46f0, security = 1.43f0, conformity = 2.56f0, tradition = 0.04f0, benevolence = 0.33f0, universalism = 0.33f0)"
3,25,"(10, 9)",9.0,3,2,3,female,"Bool[1, 0, 1, 1, 0, 1, 1, 0, 1, 0, 0]",Int64[],false,false,false,0.0,Int64[],Int64[],false,false,"(self_direction = -0.22f0, stimulation = -2.16f0, hedonism = 1.81f0, achievement = 0.64f0, power = 0.21f0, security = 0.81f0, conformity = -1.47f0, tradition = 0.46f0, benevolence = 0.46f0, universalism = -0.53f0)"
3,26,"(44, 15)",16.0,3,2,3,female,"Bool[1, 0, 1, 1, 0, 0, 1, 1, 1, 0, 1]",Int64[],false,false,false,0.0,Int64[],Int64[],false,false,"(self_direction = 0.66f0, stimulation = -1.26f0, hedonism = 0.52f0, achievement = 0.61f0, power = 0.57f0, security = -0.35f0, conformity = -1.07f0, tradition = -0.17f0, benevolence = 0.88f0, universalism = -0.38f0)"
3,27,"(35, 1)",22.0,3,1,3,male,"Bool[0, 0, 1, 1, 0, 1, 1, 0, 0, 1, 1]",Int64[],false,false,false,0.0,Int64[],Int64[],false,false,"(self_direction = -0.33f0, stimulation = -0.2f0, hedonism = -0.7f0, achievement = 0.0f0, power = -0.14f0, security = 0.83f0, conformity = 0.09f0, tradition = -0.14f0, benevolence = 0.76f0, universalism = -0.18f0)"
3,29,"(40, 15)",10.0,3,5,4,male,"Bool[0, 0, 0, 1, 1, 0, 1, 1, 1, 0, 0]",Int64[],false,false,false,0.0,Int64[],Int64[],false,false,"(self_direction = 0.9f0, stimulation = -0.65f0, hedonism = 1.65f0, achievement = -1.87f0, power = -0.61f0, security = -0.87f0, conformity = -1.36f0, tradition = 0.48f0, benevolence = 0.82f0, universalism = 1.51f0)"
3,30,"(15, 38)",22.0,3,2,3,female,"Bool[0, 1, 1, 1, 0, 0, 1, 1, 1, 0, 0]",Int64[],false,false,false,0.0,Int64[],Int64[],false,false,"(self_direction = 0.8f0, stimulation = -1.4f0, hedonism = -0.49f0, achievement = 0.4f0, power = -0.13f0, security = 1.55f0, conformity = -1.37f0, tradition = -0.51f0, benevolence = 0.46f0, universalism = 0.7f0)"
3,31,"(16, 39)",26.0,3,5,2,female,"Bool[0, 1, 1, 0, 0, 1, 0, 1, 1, 1, 1]",Int64[],false,false,false,0.0,Int64[],Int64[],false,false,"(self_direction = -0.27f0, stimulation = -2.71f0, hedonism = -1.21f0, achievement = -0.95f0, power = 0.04f0, security = 1.59f0, conformity = 1.14f0, tradition = 1.6f0, benevolence = 0.31f0, universalism = 0.46f0)"
3,32,"(25, 39)",10.0,3,2,4,female,"Bool[1, 1, 1, 0, 1, 0, 0, 1, 1, 0, 1]",Int64[],false,false,false,0.0,Int64[],Int64[],false,false,"(self_direction = 1.49f0, stimulation = 0.87f0, hedonism = 1.44f0, achievement = -1.35f0, power = -0.26f0, security = -0.52f0, conformity = -1.91f0, tradition = -1.01f0, benevolence = 0.79f0, universalism = 0.45f0)"
3,33,"(28, 1)",1.0,3,2,4,female,"Bool[0, 1, 0, 1, 0, 1, 1, 0, 0, 0, 1]",Int64[],false,false,false,0.0,Int64[],Int64[],false,false,"(self_direction = 0.94f0, stimulation = -0.09f0, hedonism = 1.06f0, achievement = -1.63f0, power = -0.91f0, security = -0.54f0, conformity = -0.72f0, tradition = -0.15f0, benevolence = 1.01f0, universalism = 1.03f0)"
3,34,"(7, 33)",17.0,3,1,4,male,"Bool[1, 0, 1, 1, 1, 1, 1, 0, 1, 0, 0]",Int64[],false,false,false,0.0,Int64[],Int64[],false,false,"(self_direction = -0.59f0, stimulation = -1.96f0, hedonism = -0.34f0, achievement = 0.16f0, power = -0.77f0, security = 0.58f0, conformity = -0.43f0, tradition = 2.15f0, benevolence = 0.56f0, universalism = 0.64f0)"
3,35,"(31, 50)",7.0,3,4,2,male,"Bool[0, 0, 0, 1, 0, 0, 0, 1, 0, 0, 0]",Int64[],false,false,false,0.0,Int64[],Int64[],false,false,"(self_direction = 0.6f0, stimulation = -1.01f0, hedonism = -0.38f0, achievement = 0.52f0, power = -0.56f0, security = -2.14f0, conformity = -0.61f0, tradition = -0.1f0, benevolence = 2.09f0, universalism = 1.61f0)"
3,36,"(43, 42)",3.0,3,1,1,female,"Bool[1, 1, 1, 0, 1, 1, 0, 1, 1, 1, 1]",Int64[],false,false,false,0.0,Int64[],Int64[],false,false,"(self_direction = 0.12f0, stimulation = -2.4f0, hedonism = -1.47f0, achievement = -0.27f0, power = -0.9f0, security = 1.12f0, conformity = 1.4f0, tradition = 1.68f0, benevolence = -0.36f0, universalism = 1.08f0)"
3,37,"(32, 9)",4.0,3,6,3,female,"Bool[1, 1, 0, 1, 1, 0, 1, 0, 1, 0, 0]",Int64[],false,false,false,0.0,Int64[],Int64[],false,false,"(self_direction = 1.68f0, stimulation = -1.71f0, hedonism = 0.65f0, achievement = -0.12f0, power = -2.55f0, security = -0.61f0, conformity = -1.18f0, tradition = -0.39f0, benevolence = 2.42f0, universalism = 1.8f0)"
3,38,"(38, 14)",23.0,3,2,1,female,"Bool[0, 1, 1, 0, 1, 0, 0, 0, 0, 1, 1]",Int64[],false,false,false,0.0,Int64[],Int64[],false,false,"(self_direction = 0.12f0, stimulation = 0.08f0, hedonism = 0.25f0, achievement = 1.01f0, power = -0.44f0, security = -0.11f0, conformity = -1.19f0, tradition = 0.02f0, benevolence = 0.11f0, universalism = 0.15f0)"
3,39,"(9, 24)",12.0,3,1,1,female,"Bool[0, 0, 0, 1, 1, 0, 1, 1, 1, 1, 1]",Int64[],false,false,false,0.0,Int64[],Int64[],false,false,"(self_direction = -0.15f0, stimulation = -0.19f0, hedonism = -0.55f0, achievement = 0.45f0, power = 1.2f0, security = -0.52f0, conformity = -0.8f0, tradition = 0.05f0, benevolence = 0.75f0, universalism = -0.23f0)"
3,40,"(14, 37)",21.0,3,5,4,female,"Bool[0, 1, 1, 0, 0, 0, 0, 0, 1, 0, 1]",Int64[],false,false,false,0.0,Int64[],Int64[],false,false,"(self_direction = 0.84f0, stimulation = 0.21f0, hedonism = -1.56f0, achievement = 1.02f0, power = 1.64f0, security = 0.67f0, conformity = -0.06f0, tradition = -1.52f0, benevolence = -0.99f0, universalism = -0.26f0)"
3,42,"(24, 11)",19.0,3,2,1,male,"Bool[1, 1, 1, 0, 1, 0, 1, 0, 1, 1, 0]",Int64[],false,false,false,0.0,Int64[],Int64[],false,false,"(self_direction = 0.88f0, stimulation = 0.55f0, hedonism = -0.27f0, achievement = 0.73f0, power = 0.52f0, security = -0.62f0, conformity = -1.69f0, tradition = -0.48f0, benevolence = 0.54f0, universalism = -0.16f0)"
3,43,"(46, 7)",4.0,3,3,4,male,"Bool[1, 1, 1, 1, 0, 1, 1, 1, 0, 0, 0]",Int64[],false,false,false,0.0,Int64[],Int64[],false,false,"(self_direction = -0.45f0, stimulation = -2.08f0, hedonism = 1.47f0, achievement = -0.47f0, power = -0.76f0, security = 0.95f0, conformity = 0.19f0, tradition = -0.03f0, benevolence = 0.39f0, universalism = 0.79f0)"
3,44,"(10, 1)",9.0,3,2,3,female,"Bool[1, 1, 1, 1, 0, 0, 1, 1, 0, 1, 1]",Int64[],false,false,false,0.0,Int64[],Int64[],false,false,"(self_direction = 0.02f0, stimulation = -0.28f0, hedonism = -0.04f0, achievement = 1.15f0, power = -1.55f0, security = -0.08f0, conformity = 0.43f0, tradition = 0.54f0, benevolence = -0.21f0, universalism = 0.02f0)"
3,45,"(44, 32)",5.0,3,6,3,male,"Bool[0, 1, 1, 1, 1, 0, 0, 1, 0, 0, 1]",Int64[],false,false,false,0.0,Int64[],Int64[],false,true,"(self_direction = -0.48f0, stimulation = -2.05f0, hedonism = -1.56f0, achievement = -1.4f0, power = -0.54f0, security = 1.16f0, conformity = 1.63f0, tradition = 2.56f0, benevolence = -0.07f0, universalism = 0.76f0)"
3,46,"(18, 41)",27.0,3,6,2,male,"Bool[1, 1, 0, 0, 1, 0, 1, 0, 1, 1, 0]",Int64[],false,false,false,0.0,Int64[],Int64[],false,false,"(self_direction = 0.22f0, stimulation = -2.48f0, hedonism = -0.52f0, achievement = -0.5f0, power = -1.06f0, security = 0.08f0, conformity = 0.24f0, tradition = 0.66f0, benevolence = 2.2f0, universalism = 1.16f0)"
3,48,"(44, 33)",6.0,3,5,4,female,"Bool[0, 1, 1, 1, 1, 1, 1, 1, 1, 0, 0]",Int64[],false,false,false,0.0,Int64[],Int64[],false,false,"(self_direction = 0.1f0, stimulation = -2.17f0, hedonism = -0.87f0, achievement = 0.64f0, power = -0.12f0, security = 1.01f0, conformity = 0.82f0, tradition = -1.12f0, benevolence = 0.92f0, universalism = 0.79f0)"
3,49,"(6, 24)",10.0,3,1,1,female,"Bool[1, 1, 1, 0, 1, 1, 0, 0, 0, 0, 1]",Int64[],false,false,false,0.0,Int64[],Int64[],false,false,"(self_direction = 0.15f0, stimulation = 0.47f0, hedonism = -0.56f0, achievement = -1.05f0, power = 0.67f0, security = 0.56f0, conformity = 0.11f0, tradition = -1.57f0, benevolence = 1.24f0, universalism = -0.01f0)"
3,50,"(14, 21)",19.0,3,5,2,female,"Bool[1, 1, 1, 1, 1, 1, 0, 1, 1, 0, 1]",Int64[],false,false,false,0.0,Int64[],Int64[],false,false,"(self_direction = 1.23f0, stimulation = 1.17f0, hedonism = -0.07f0, achievement = -0.65f0, power = -0.34f0, security = 0.01f0, conformity = -0.82f0, tradition = -1.19f0, benevolence = 0.16f0, universalism = 0.5f0)"
4,1,"(2, 21)",1.0,4,6,2,male,"Bool[0, 0, 1, 1, 1, 0, 0, 0, 0, 1, 1]",Int64[],false,false,false,0.0,Int64[],Int64[],false,false,"(self_direction = 2.08f0, stimulation = -1.34f0, hedonism = -0.39f0, achievement = -2.18f0, power = -2.2f0, security = 0.51f0, conformity = -0.83f0, tradition = 0.53f0, benevolence = 1.2f0, universalism = 2.62f0)"
4,2,"(14, 43)",15.0,4,6,1,male,"Bool[1, 0, 1, 0, 0, 1, 1, 0, 0, 1, 1]",Int64[],false,false,false,0.0,Int64[],Int64[],false,false,"(self_direction = -0.2f0, stimulation = 1.94f0, hedonism = 0.34f0, achievement = -0.86f0, power = -0.56f0, security = 0.39f0, conformity = 1.37f0, tradition = -1.75f0, benevolence = -0.25f0, universalism = -0.43f0)"
4,3,"(31, 4)",9.0,4,1,4,female,"Bool[1, 1, 1, 0, 1, 0, 1, 1, 1, 0, 1]",Int64[],false,false,false,0.0,Int64[],Int64[],false,false,"(self_direction = -1.02f0, stimulation = 0.41f0, hedonism = 1.69f0, achievement = 0.94f0, power = -0.57f0, security = -0.62f0, conformity = -0.88f0, tradition = -2.08f0, benevolence = 0.85f0, universalism = 1.29f0)"
4,4,"(9, 13)",8.0,4,6,2,male,"Bool[1, 1, 1, 0, 0, 1, 1, 0, 1, 0, 0]",Int64[],false,false,false,0.0,Int64[],Int64[],false,false,"(self_direction = 1.12f0, stimulation = -0.91f0, hedonism = -0.45f0, achievement = -0.25f0, power = -0.84f0, security = 0.09f0, conformity = -0.34f0, tradition = 0.38f0, benevolence = 1.16f0, universalism = 0.03f0)"
4,5,"(9, 36)",27.0,4,6,1,female,"Bool[1, 1, 0, 1, 1, 0, 0, 1, 0, 0, 0]",Int64[],false,true,false,0.0,Int64[],Int64[],false,false,"(self_direction = 0.65f0, stimulation = -1.07f0, hedonism = -1.81f0, achievement = 0.18f0, power = 0.04f0, security = 1.21f0, conformity = 0.17f0, tradition = -0.26f0, benevolence = 0.35f0, universalism = 0.53f0)"
4,6,"(24, 28)",7.0,4,3,2,female,"Bool[0, 0, 0, 1, 0, 0, 0, 0, 1, 1, 0]",Int64[],false,false,false,0.0,Int64[],Int64[],false,false,"(self_direction = 0.22f0, stimulation = -3.54f0, hedonism = -1.15f0, achievement = 0.39f0, power = 0.42f0, security = 0.46f0, conformity = -0.19f0, tradition = 1.08f0, benevolence = 1.61f0, universalism = 0.7f0)"
4,7,"(9, 37)",16.0,4,1,1,male,"Bool[1, 1, 0, 1, 0, 0, 1, 0, 0, 1, 0]",Int64[],false,false,true,0.0,Int64[],Int64[],false,false,"(self_direction = 0.19f0, stimulation = -1.31f0, hedonism = -0.57f0, achievement = -0.3f0, power = -1.63f0, security = 0.7f0, conformity = 0.48f0, tradition = 0.19f0, benevolence = 1.45f0, universalism = 0.8f0)"
4,8,"(34, 13)",15.0,4,4,3,male,"Bool[1, 1, 1, 0, 0, 0, 1, 1, 0, 0, 1]",Int64[],false,false,false,0.0,Int64[],Int64[],false,false,"(self_direction = 0.93f0, stimulation = 0.74f0, hedonism = 0.21f0, achievement = -0.22f0, power = 0.61f0, security = -0.88f0, conformity = -0.74f0, tradition = -1.36f0, benevolence = 0.89f0, universalism = -0.19f0)"
4,10,"(39, 45)",10.0,4,6,1,male,"Bool[0, 1, 0, 0, 0, 0, 1, 1, 0, 1, 0]",Int64[],false,false,false,0.0,Int64[],Int64[],false,false,"(self_direction = -0.22f0, stimulation = -1.58f0, hedonism = -0.44f0, achievement = 0.19f0, power = 1.67f0, security = -0.49f0, conformity = -1.29f0, tradition = 1.1f0, benevolence = 0.21f0, universalism = 0.86f0)"
4,11,"(33, 4)",12.0,4,2,2,male,"Bool[1, 1, 0, 0, 0, 0, 1, 1, 1, 1, 0]",Int64[],false,false,false,0.0,Int64[],Int64[],false,false,"(self_direction = 0.66f0, stimulation = -1.08f0, hedonism = -0.64f0, achievement = -1.11f0, power = 0.02f0, security = 0.15f0, conformity = -0.19f0, tradition = 0.6f0, benevolence = 1.11f0, universalism = 0.48f0)"
4,12,"(29, 9)",9.0,4,6,2,male,"Bool[1, 0, 0, 0, 0, 0, 0, 1, 0, 0, 1]",Int64[],false,false,false,0.0,Int64[],Int64[],false,false,"(self_direction = -1.71f0, stimulation = -1.91f0, hedonism = -1.53f0, achievement = 0.4f0, power = -0.28f0, security = 0.88f0, conformity = 1.08f0, tradition = 1.29f0, benevolence = 1.17f0, universalism = 0.62f0)"
4,13,"(16, 34)",9.0,4,6,4,male,"Bool[0, 1, 0, 0, 0, 1, 1, 1, 1, 0, 0]",Int64[],false,false,false,0.0,Int64[],Int64[],false,false,"(self_direction = 0.49f0, stimulation = -1.24f0, hedonism = -0.9f0, achievement = 0.78f0, power = -0.23f0, security = 1.31f0, conformity = -0.13f0, tradition = -1.05f0, benevolence = 0.61f0, universalism = 0.36f0)"
4,14,"(14, 39)",18.0,4,2,2,male,"Bool[0, 1, 1, 0, 0, 0, 0, 0, 0, 1, 1]",Int64[],false,true,true,0.0,Int64[],Int64[],false,false,"(self_direction = 0.2f0, stimulation = 0.04f0, hedonism = 1.05f0, achievement = -0.9f0, power = -1.31f0, security = 0.45f0, conformity = -0.64f0, tradition = 0.37f0, benevolence = 0.45f0, universalism = 0.28f0)"
4,15,"(31, 16)",6.0,4,4,2,female,"Bool[1, 0, 0, 1, 1, 0, 0, 1, 0, 1, 1]",Int64[],false,false,false,0.0,Int64[],Int64[],false,false,"(self_direction = 0.17f0, stimulation = 0.05f0, hedonism = 0.19f0, achievement = 0.91f0, power = -0.12f0, security = 1.41f0, conformity = -0.77f0, tradition = -1.7f0, benevolence = -0.53f0, universalism = 0.39f0)"
4,17,"(13, 41)",28.0,4,1,2,male,"Bool[1, 0, 1, 1, 1, 0, 1, 0, 0, 1, 0]",Int64[],false,false,false,0.0,Int64[],Int64[],false,false,"(self_direction = -0.5f0, stimulation = -0.09f0, hedonism = 0.47f0, achievement = -0.3f0, power = 1.22f0, security = 0.57f0, conformity = -1.09f0, tradition = -0.68f0, benevolence = -0.07f0, universalism = 0.46f0)"
4,18,"(42, 17)",2.0,4,5,4,female,"Bool[1, 0, 1, 0, 1, 0, 1, 0, 1, 0, 1]",Int64[],false,false,false,0.0,Int64[],Int64[],false,false,"(self_direction = -0.62f0, stimulation = -0.06f0, hedonism = -0.12f0, achievement = 0.39f0, power = -2.42f0, security = 1.31f0, conformity = 1.08f0, tradition = 0.18f0, benevolence = 0.34f0, universalism = -0.08f0)"
4,19,"(48, 27)",14.0,4,4,2,female,"Bool[0, 1, 1, 0, 0, 0, 1, 0, 1, 1, 1]",Int64[],false,false,false,0.0,Int64[],Int64[],false,false,"(self_direction = -1.22f0, stimulation = -1.2f0, hedonism = 0.84f0, achievement = -0.6f0, power = -0.35f0, security = -0.21f0, conformity = 1.49f0, tradition = 0.75f0, benevolence = 0.68f0, universalism = -0.17f0)"
4,20,"(13, 9)",10.0,4,4,1,male,"Bool[0, 1, 1, 1, 0, 0, 1, 1, 0, 1, 0]",Int64[],false,false,false,0.0,Int64[],Int64[],false,false,"(self_direction = 0.59f0, stimulation = -0.24f0, hedonism = 0.48f0, achievement = -0.55f0, power = -1.44f0, security = 0.58f0, conformity = 0.76f0, tradition = -0.46f0, benevolence = 0.5f0, universalism = -0.23f0)"
4,21,"(6, 20)",20.0,4,4,1,female,"Bool[1, 1, 1, 1, 1, 0, 1, 0, 1, 1, 0]",Int64[],false,false,false,0.0,Int64[],Int64[],false,false,"(self_direction = 0.67f0, stimulation = -0.17f0, hedonism = 0.01f0, achievement = -0.58f0, power = -0.62f0, security = 0.56f0, conformity = -0.33f0, tradition = -0.85f0, benevolence = 1.12f0, universalism = 0.2f0)"
4,22,"(20, 18)",13.0,4,1,3,male,"Bool[1, 1, 0, 0, 0, 0, 1, 0, 1, 1, 1]",Int64[],false,false,false,0.0,Int64[],Int64[],false,false,"(self_direction = 0.31f0, stimulation = -0.39f0, hedonism = -2.45f0, achievement = -1.15f0, power = -1.42f0, security = 1.37f0, conformity = 0.8f0, tradition = 0.96f0, benevolence = 1.43f0, universalism = 0.55f0)"
4,23,"(32, 6)",31.0,4,2,1,male,"Bool[1, 1, 0, 0, 1, 0, 0, 0, 1, 1, 0]",Int64[],false,false,false,0.0,Int64[],Int64[],false,false,"(self_direction = -0.04f0, stimulation = 0.06f0, hedonism = -0.5f0, achievement = -0.78f0, power = -0.89f0, security = 1.14f0, conformity = 1.0f0, tradition = -1.39f0, benevolence = 0.19f0, universalism = 1.2f0)"
4,24,"(13, 44)",17.0,4,6,2,female,"Bool[1, 0, 0, 1, 0, 0, 0, 1, 1, 0, 1]",Int64[],false,false,false,0.0,Int64[],Int64[],false,false,"(self_direction = -0.27f0, stimulation = -2.78f0, hedonism = -1.22f0, achievement = 0.04f0, power = -0.46f0, security = 1.43f0, conformity = 2.56f0, tradition = 0.04f0, benevolence = 0.33f0, universalism = 0.33f0)"
4,25,"(10, 9)",6.0,4,2,3,female,"Bool[1, 0, 1, 1, 0, 1, 1, 0, 1, 0, 0]",Int64[],false,false,false,0.0,Int64[],Int64[],false,false,"(self_direction = -0.22f0, stimulation = -2.16f0, hedonism = 1.81f0, achievement = 0.64f0, power = 0.21f0, security = 0.81f0, conformity = -1.47f0, tradition = 0.46f0, benevolence = 0.46f0, universalism = -0.53f0)"
4,26,"(44, 14)",15.0,4,2,3,female,"Bool[1, 0, 1, 1, 0, 0, 1, 1, 1, 0, 1]",Int64[],false,false,false,0.0,Int64[],Int64[],false,false,"(self_direction = 0.66f0, stimulation = -1.26f0, hedonism = 0.52f0, achievement = 0.61f0, power = 0.57f0, security = -0.35f0, conformity = -1.07f0, tradition = -0.17f0, benevolence = 0.88f0, universalism = -0.38f0)"
4,27,"(34, 1)",21.0,4,1,3,male,"Bool[0, 0, 1, 1, 0, 1, 1, 0, 0, 1, 1]",Int64[],false,false,false,0.0,Int64[],Int64[],false,false,"(self_direction = -0.33f0, stimulation = -0.2f0, hedonism = -0.7f0, achievement = 0.0f0, power = -0.14f0, security = 0.83f0, conformity = 0.09f0, tradition = -0.14f0, benevolence = 0.76f0, universalism = -0.18f0)"
4,29,"(39, 15)",9.0,4,5,4,male,"Bool[0, 0, 0, 1, 1, 0, 1, 1, 1, 0, 0]",Int64[],false,false,false,0.0,Int64[],Int64[],false,false,"(self_direction = 0.9f0, stimulation = -0.65f0, hedonism = 1.65f0, achievement = -1.87f0, power = -0.61f0, security = -0.87f0, conformity = -1.36f0, tradition = 0.48f0, benevolence = 0.82f0, universalism = 1.51f0)"
4,30,"(15, 39)",23.0,4,2,3,female,"Bool[0, 1, 1, 1, 0, 0, 1, 1, 1, 0, 0]",Int64[],false,true,false,0.0,Int64[],Int64[],false,false,"(self_direction = 0.8f0, stimulation = -1.4f0, hedonism = -0.49f0, achievement = 0.4f0, power = -0.13f0, security = 1.55f0, conformity = -1.37f0, tradition = -0.51f0, benevolence = 0.46f0, universalism = 0.7f0)"
4,31,"(16, 40)",28.0,4,5,2,female,"Bool[0, 1, 1, 0, 0, 1, 0, 1, 1, 1, 1]",Int64[],false,false,false,0.0,Int64[],Int64[],false,false,"(self_direction = -0.27f0, stimulation = -2.71f0, hedonism = -1.21f0, achievement = -0.95f0, power = 0.04f0, security = 1.59f0, conformity = 1.14f0, tradition = 1.6f0, benevolence = 0.31f0, universalism = 0.46f0)"
4,32,"(25, 38)",8.0,4,2,4,female,"Bool[1, 1, 1, 0, 1, 0, 0, 1, 1, 0, 1]",Int64[],false,false,false,0.0,Int64[],Int64[],false,false,"(self_direction = 1.49f0, stimulation = 0.87f0, hedonism = 1.44f0, achievement = -1.35f0, power = -0.26f0, security = -0.52f0, conformity = -1.91f0, tradition = -1.01f0, benevolence = 0.79f0, universalism = 0.45f0)"
4,34,"(7, 32)",15.0,4,1,4,male,"Bool[1, 0, 1, 1, 1, 1, 1, 0, 1, 0, 0]",Int64[],false,false,false,0.0,Int64[],Int64[],false,false,"(self_direction = -0.59f0, stimulation = -1.96f0, hedonism = -0.34f0, achievement = 0.16f0, power = -0.77f0, security = 0.58f0, conformity = -0.43f0, tradition = 2.15f0, benevolence = 0.56f0, universalism = 0.64f0)"
4,35,"(31, 50)",5.0,4,4,2,male,"Bool[0, 0, 0, 1, 0, 0, 0, 1, 0, 0, 0]",Int64[],false,false,false,0.0,Int64[],Int64[],false,false,"(self_direction = 0.6f0, stimulation = -1.01f0, hedonism = -0.38f0, achievement = 0.52f0, power = -0.56f0, security = -2.14f0, conformity = -0.61f0, tradition = -0.1f0, benevolence = 2.09f0, universalism = 1.61f0)"
4,36,"(43, 42)",2.0,4,1,1,female,"Bool[1, 1, 1, 0, 1, 1, 0, 1, 1, 1, 1]",Int64[],false,false,false,0.0,Int64[],Int64[],false,false,"(self_direction = 0.12f0, stimulation = -2.4f0, hedonism = -1.47f0, achievement = -0.27f0, power = -0.9f0, security = 1.12f0, conformity = 1.4f0, tradition = 1.68f0, benevolence = -0.36f0, universalism = 1.08f0)"
4,37,"(33, 9)",5.0,4,6,3,female,"Bool[1, 1, 0, 1, 1, 0, 1, 0, 1, 0, 0]",Int64[],false,false,false,0.0,Int64[],Int64[],false,false,"(self_direction = 1.68f0, stimulation = -1.71f0, hedonism = 0.65f0, achievement = -0.12f0, power = -2.55f0, security = -0.61f0, conformity = -1.18f0, tradition = -0.39f0, benevolence = 2.42f0, universalism = 1.8f0)"
4,38,"(38, 13)",25.0,4,2,1,female,"Bool[0, 1, 1, 0, 1, 0, 0, 0, 0, 1, 1]",Int64[],false,false,false,0.0,Int64[],Int64[],false,false,"(self_direction = 0.12f0, stimulation = 0.08f0, hedonism = 0.25f0, achievement = 1.01f0, power = -0.44f0, security = -0.11f0, conformity = -1.19f0, tradition = 0.02f0, benevolence = 0.11f0, universalism = 0.15f0)"
4,39,"(9, 24)",11.0,4,1,1,female,"Bool[0, 0, 0, 1, 1, 0, 1, 1, 1, 1, 1]",Int64[],false,false,false,0.0,Int64[],Int64[],false,false,"(self_direction = -0.15f0, stimulation = -0.19f0, hedonism = -0.55f0, achievement = 0.45f0, power = 1.2f0, security = -0.52f0, conformity = -0.8f0, tradition = 0.05f0, benevolence = 0.75f0, universalism = -0.23f0)"
4,40,"(14, 38)",21.0,4,5,4,female,"Bool[0, 1, 0, 0, 0, 0, 0, 0, 1, 0, 1]",Int64[],false,true,true,0.0,Int64[],Int64[],false,false,"(self_direction = 0.84f0, stimulation = 0.21f0, hedonism = -1.56f0, achievement = 1.02f0, power = 1.64f0, security = 0.67f0, conformity = -0.06f0, tradition = -1.52f0, benevolence = -0.99f0, universalism = -0.26f0)"
4,42,"(24, 10)",20.0,4,2,1,male,"Bool[1, 1, 1, 0, 1, 0, 1, 0, 1, 1, 0]",Int64[],false,false,false,0.0,Int64[],Int64[],false,false,"(self_direction = 0.88f0, stimulation = 0.55f0, hedonism = -0.27f0, achievement = 0.73f0, power = 0.52f0, security = -0.62f0, conformity = -1.69f0, tradition = -0.48f0, benevolence = 0.54f0, universalism = -0.16f0)"
4,43,"(45, 7)",2.0,4,3,4,male,"Bool[1, 1, 1, 1, 0, 1, 1, 1, 0, 0, 0]",Int64[],false,false,false,0.0,Int64[],Int64[],false,false,"(self_direction = -0.45f0, stimulation = -2.08f0, hedonism = 1.47f0, achievement = -0.47f0, power = -0.76f0, security = 0.95f0, conformity = 0.19f0, tradition = -0.03f0, benevolence = 0.39f0, universalism = 0.79f0)"
4,44,"(10, 1)",6.0,4,2,3,female,"Bool[1, 1, 1, 1, 0, 0, 1, 1, 0, 1, 1]",Int64[],false,false,false,0.0,Int64[],Int64[],false,false,"(self_direction = 0.02f0, stimulation = -0.28f0, hedonism = -0.04f0, achievement = 1.15f0, power = -1.55f0, security = -0.08f0, conformity = 0.43f0, tradition = 0.54f0, benevolence = -0.21f0, universalism = 0.02f0)"
4,45,"(44, 32)",2.0,4,6,3,male,"Bool[0, 1, 1, 1, 1, 1, 0, 1, 0, 0, 1]",Int64[],false,false,true,0.0,Int64[],Int64[],false,true,"(self_direction = -0.48f0, stimulation = -2.05f0, hedonism = -1.56f0, achievement = -1.4f0, power = -0.54f0, security = 1.16f0, conformity = 1.63f0, tradition = 2.56f0, benevolence = -0.07f0, universalism = 0.76f0)"
4,46,"(17, 41)",29.0,4,6,2,male,"Bool[1, 1, 0, 0, 1, 0, 1, 0, 1, 1, 0]",Int64[],false,false,false,0.0,Int64[],Int64[],false,false,"(self_direction = 0.22f0, stimulation = -2.48f0, hedonism = -0.52f0, achievement = -0.5f0, power = -1.06f0, security = 0.08f0, conformity = 0.24f0, tradition = 0.66f0, benevolence = 2.2f0, universalism = 1.16f0)"
4,48,"(44, 33)",2.0,4,5,4,female,"Bool[0, 1, 1, 1, 1, 1, 1, 1, 1, 0, 0]",Int64[],false,true,false,0.0,Int64[],Int64[],false,false,"(self_direction = 0.1f0, stimulation = -2.17f0, hedonism = -0.87f0, achievement = 0.64f0, power = -0.12f0, security = 1.01f0, conformity = 0.82f0, tradition = -1.12f0, benevolence = 0.92f0, universalism = 0.79f0)"
4,49,"(6, 24)",9.0,4,1,1,female,"Bool[1, 1, 1, 0, 1, 1, 0, 0, 0, 0, 1]",Int64[],false,false,false,0.0,Int64[],Int64[],false,false,"(self_direction = 0.15f0, stimulation = 0.47f0, hedonism = -0.56f0, achievement = -1.05f0, power = 0.67f0, security = 0.56f0, conformity = 0.11f0, tradition = -1.57f0, benevolence = 1.24f0, universalism = -0.01f0)"
4,50,"(14, 25)",18.0,4,5,2,female,"Bool[1, 1, 1, 1, 1, 1, 0, 1, 1, 0, 1]",Int64[],false,false,false,0.0,Int64[],Int64[],false,false,"(self_direction = 1.23f0, stimulation = 1.17f0, hedonism = -0.07f0, achievement = -0.65f0, power = -0.34f0, security = 0.01f0, conformity = -0.82f0, tradition = -1.19f0, benevolence = 0.16f0, universalism = 0.5f0)"
5,2,"(14, 42)",18.0,5,6,1,male,"Bool[1, 0, 0, 0, 0, 1, 1, 0, 0, 1, 1]",Int64[],false,false,false,0.0,Int64[],Int64[],false,false,"(self_direction = -0.2f0, stimulation = 1.94f0, hedonism = 0.34f0, achievement = -0.86f0, power = -0.56f0, security = 0.39f0, conformity = 1.37f0, tradition = -1.75f0, benevolence = -0.25f0, universalism = -0.43f0)"
5,3,"(32, 4)",8.0,5,1,4,female,"Bool[1, 1, 1, 0, 1, 0, 1, 1, 1, 0, 1]",Int64[],false,true,false,0.0,Int64[],Int64[],false,false,"(self_direction = -1.02f0, stimulation = 0.41f0, hedonism = 1.69f0, achievement = 0.94f0, power = -0.57f0, security = -0.62f0, conformity = -0.88f0, tradition = -2.08f0, benevolence = 0.85f0, universalism = 1.29f0)"
5,4,"(9, 13)",6.0,5,6,2,male,"Bool[1, 1, 1, 0, 0, 1, 1, 0, 1, 0, 0]",Int64[],false,false,false,0.0,Int64[],Int64[],false,false,"(self_direction = 1.12f0, stimulation = -0.91f0, hedonism = -0.45f0, achievement = -0.25f0, power = -0.84f0, security = 0.09f0, conformity = -0.34f0, tradition = 0.38f0, benevolence = 1.16f0, universalism = 0.03f0)"
5,5,"(10, 36)",29.0,5,6,1,female,"Bool[1, 1, 0, 1, 0, 0, 0, 1, 0, 0, 0]",Int64[],false,false,true,0.0,Int64[],Int64[],false,false,"(self_direction = 0.65f0, stimulation = -1.07f0, hedonism = -1.81f0, achievement = 0.18f0, power = 0.04f0, security = 1.21f0, conformity = 0.17f0, tradition = -0.26f0, benevolence = 0.35f0, universalism = 0.53f0)"
5,6,"(24, 28)",6.0,5,3,2,female,"Bool[0, 0, 0, 1, 0, 0, 0, 0, 1, 1, 0]",Int64[],false,false,false,0.0,Int64[],Int64[],false,false,"(self_direction = 0.22f0, stimulation = -3.54f0, hedonism = -1.15f0, achievement = 0.39f0, power = 0.42f0, security = 0.46f0, conformity = -0.19f0, tradition = 1.08f0, benevolence = 1.61f0, universalism = 0.7f0)"
5,7,"(10, 37)",18.0,5,1,1,male,"Bool[1, 1, 0, 1, 0, 0, 1, 0, 0, 1, 0]",Int64[],false,true,false,0.0,Int64[],Int64[],false,false,"(self_direction = 0.19f0, stimulation = -1.31f0, hedonism = -0.57f0, achievement = -0.3f0, power = -1.63f0, security = 0.7f0, conformity = 0.48f0, tradition = 0.19f0, benevolence = 1.45f0, universalism = 0.8f0)"
5,8,"(35, 13)",16.0,5,4,3,male,"Bool[1, 1, 1, 0, 0, 0, 1, 1, 0, 0, 1]",Int64[],false,false,false,0.0,Int64[],Int64[],false,false,"(self_direction = 0.93f0, stimulation = 0.74f0, hedonism = 0.21f0, achievement = -0.22f0, power = 0.61f0, security = -0.88f0, conformity = -0.74f0, tradition = -1.36f0, benevolence = 0.89f0, universalism = -0.19f0)"
5,10,"(39, 45)",9.0,5,6,1,male,"Bool[0, 1, 0, 0, 0, 0, 1, 1, 0, 1, 0]",Int64[],false,false,false,0.0,Int64[],Int64[],false,false,"(self_direction = -0.22f0, stimulation = -1.58f0, hedonism = -0.44f0, achievement = 0.19f0, power = 1.67f0, security = -0.49f0, conformity = -1.29f0, tradition = 1.1f0, benevolence = 0.21f0, universalism = 0.86f0)"
5,11,"(33, 5)",13.0,5,2,2,male,"Bool[1, 1, 0, 0, 1, 0, 1, 1, 1, 1, 0]",Int64[],false,false,false,0.0,Int64[],Int64[],false,false,"(self_direction = 0.66f0, stimulation = -1.08f0, hedonism = -0.64f0, achievement = -1.11f0, power = 0.02f0, security = 0.15f0, conformity = -0.19f0, tradition = 0.6f0, benevolence = 1.11f0, universalism = 0.48f0)"
5,12,"(30, 9)",10.0,5,6,2,male,"Bool[1, 0, 0, 0, 0, 0, 0, 1, 0, 0, 1]",Int64[],false,false,false,0.0,Int64[],Int64[],false,false,"(self_direction = -1.71f0, stimulation = -1.91f0, hedonism = -1.53f0, achievement = 0.4f0, power = -0.28f0, security = 0.88f0, conformity = 1.08f0, tradition = 1.29f0, benevolence = 1.17f0, universalism = 0.62f0)"
5,13,"(16, 37)",9.0,5,6,4,male,"Bool[0, 1, 1, 0, 0, 1, 1, 1, 1, 0, 0]",Int64[],false,false,true,0.0,Int64[],Int64[],false,false,"(self_direction = 0.49f0, stimulation = -1.24f0, hedonism = -0.9f0, achievement = 0.78f0, power = -0.23f0, security = 1.31f0, conformity = -0.13f0, tradition = -1.05f0, benevolence = 0.61f0, universalism = 0.36f0)"
5,14,"(14, 40)",20.0,5,2,2,male,"Bool[0, 0, 1, 0, 0, 0, 0, 0, 0, 1, 1]",Int64[],false,false,true,0.0,Int64[],Int64[],false,false,"(self_direction = 0.2f0, stimulation = 0.04f0, hedonism = 1.05f0, achievement = -0.9f0, power = -1.31f0, security = 0.45f0, conformity = -0.64f0, tradition = 0.37f0, benevolence = 0.45f0, universalism = 0.28f0)"
5,15,"(31, 15)",7.0,5,4,2,female,"Bool[1, 0, 0, 1, 1, 0, 0, 1, 0, 1, 1]",Int64[],false,false,false,0.0,Int64[],Int64[],false,false,"(self_direction = 0.17f0, stimulation = 0.05f0, hedonism = 0.19f0, achievement = 0.91f0, power = -0.12f0, security = 1.41f0, conformity = -0.77f0, tradition = -1.7f0, benevolence = -0.53f0, universalism = 0.39f0)"
5,17,"(13, 40)",30.0,5,1,2,male,"Bool[1, 0, 1, 1, 1, 0, 1, 0, 0, 1, 0]",Int64[],false,true,false,0.0,Int64[],Int64[],false,false,"(self_direction = -0.5f0, stimulation = -0.09f0, hedonism = 0.47f0, achievement = -0.3f0, power = 1.22f0, security = 0.57f0, conformity = -1.09f0, tradition = -0.68f0, benevolence = -0.07f0, universalism = 0.46f0)"
5,18,"(39, 16)",1.0,5,5,4,female,"Bool[1, 0, 1, 0, 1, 0, 1, 0, 1, 0, 1]",Int64[],false,true,false,0.0,Int64[],Int64[],false,false,"(self_direction = -0.62f0, stimulation = -0.06f0, hedonism = -0.12f0, achievement = 0.39f0, power = -2.42f0, security = 1.31f0, conformity = 1.08f0, tradition = 0.18f0, benevolence = 0.34f0, universalism = -0.08f0)"
5,19,"(48, 27)",12.0,5,4,2,female,"Bool[0, 1, 1, 0, 0, 0, 1, 0, 1, 1, 1]",Int64[],false,false,false,0.0,Int64[],Int64[],false,false,"(self_direction = -1.22f0, stimulation = -1.2f0, hedonism = 0.84f0, achievement = -0.6f0, power = -0.35f0, security = -0.21f0, conformity = 1.49f0, tradition = 0.75f0, benevolence = 0.68f0, universalism = -0.17f0)"
5,20,"(13, 9)",9.0,5,4,1,male,"Bool[0, 1, 1, 1, 0, 0, 1, 1, 0, 1, 0]",Int64[],false,false,false,0.0,Int64[],Int64[],false,false,"(self_direction = 0.59f0, stimulation = -0.24f0, hedonism = 0.48f0, achievement = -0.55f0, power = -1.44f0, security = 0.58f0, conformity = 0.76f0, tradition = -0.46f0, benevolence = 0.5f0, universalism = -0.23f0)"
5,21,"(6, 20)",19.0,5,4,1,female,"Bool[1, 1, 1, 1, 1, 0, 1, 0, 1, 1, 0]",Int64[],false,false,false,0.0,Int64[],Int64[],false,false,"(self_direction = 0.67f0, stimulation = -0.17f0, hedonism = 0.01f0, achievement = -0.58f0, power = -0.62f0, security = 0.56f0, conformity = -0.33f0, tradition = -0.85f0, benevolence = 1.12f0, universalism = 0.2f0)"
5,22,"(20, 18)",10.0,5,1,3,male,"Bool[1, 1, 0, 0, 0, 0, 1, 0, 1, 1, 1]",Int64[],false,false,false,0.0,Int64[],Int64[],false,false,"(self_direction = 0.31f0, stimulation = -0.39f0, hedonism = -2.45f0, achievement = -1.15f0, power = -1.42f0, security = 1.37f0, conformity = 0.8f0, tradition = 0.96f0, benevolence = 1.43f0, universalism = 0.55f0)"
5,23,"(31, 6)",33.0,5,2,1,male,"Bool[1, 1, 0, 0, 1, 0, 0, 0, 1, 1, 0]",Int64[],false,false,false,0.0,Int64[],Int64[],false,false,"(self_direction = -0.04f0, stimulation = 0.06f0, hedonism = -0.5f0, achievement = -0.78f0, power = -0.89f0, security = 1.14f0, conformity = 1.0f0, tradition = -1.39f0, benevolence = 0.19f0, universalism = 1.2f0)"
5,24,"(15, 43)",19.0,5,6,2,female,"Bool[1, 0, 0, 1, 0, 0, 0, 1, 1, 0, 1]",Int64[],false,true,false,0.0,Int64[],Int64[],false,false,"(self_direction = -0.27f0, stimulation = -2.78f0, hedonism = -1.22f0, achievement = 0.04f0, power = -0.46f0, security = 1.43f0, conformity = 2.56f0, tradition = 0.04f0, benevolence = 0.33f0, universalism = 0.33f0)"
5,25,"(10, 9)",3.0,5,2,3,female,"Bool[1, 0, 1, 1, 0, 1, 1, 0, 1, 0, 0]",Int64[],false,false,false,0.0,Int64[],Int64[],false,false,"(self_direction = -0.22f0, stimulation = -2.16f0, hedonism = 1.81f0, achievement = 0.64f0, power = 0.21f0, security = 0.81f0, conformity = -1.47f0, tradition = 0.46f0, benevolence = 0.46f0, universalism = -0.53f0)"
5,26,"(44, 13)",14.0,5,2,3,female,"Bool[1, 0, 1, 1, 0, 0, 1, 1, 1, 0, 1]",Int64[],false,false,false,0.0,Int64[],Int64[],false,false,"(self_direction = 0.66f0, stimulation = -1.26f0, hedonism = 0.52f0, achievement = 0.61f0, power = 0.57f0, security = -0.35f0, conformity = -1.07f0, tradition = -0.17f0, benevolence = 0.88f0, universalism = -0.38f0)"
5,27,"(33, 1)",20.0,5,1,3,male,"Bool[0, 0, 1, 1, 0, 1, 1, 0, 0, 1, 1]",Int64[],false,false,false,0.0,Int64[],Int64[],false,false,"(self_direction = -0.33f0, stimulation = -0.2f0, hedonism = -0.7f0, achievement = 0.0f0, power = -0.14f0, security = 0.83f0, conformity = 0.09f0, tradition = -0.14f0, benevolence = 0.76f0, universalism = -0.18f0)"
5,29,"(38, 11)",9.0,5,5,4,male,"Bool[1, 0, 0, 1, 1, 0, 1, 1, 1, 0, 0]",Int64[],false,false,false,0.0,Int64[],Int64[],false,false,"(self_direction = 0.9f0, stimulation = -0.65f0, hedonism = 1.65f0, achievement = -1.87f0, power = -0.61f0, security = -0.87f0, conformity = -1.36f0, tradition = 0.48f0, benevolence = 0.82f0, universalism = 1.51f0)"
5,30,"(16, 38)",23.0,5,2,3,female,"Bool[0, 1, 1, 1, 0, 0, 1, 1, 1, 0, 0]",Int64[],false,true,false,0.0,Int64[],Int64[],false,false,"(self_direction = 0.8f0, stimulation = -1.4f0, hedonism = -0.49f0, achievement = 0.4f0, power = -0.13f0, security = 1.55f0, conformity = -1.37f0, tradition = -0.51f0, benevolence = 0.46f0, universalism = 0.7f0)"
5,31,"(16, 41)",30.0,5,5,2,female,"Bool[0, 1, 1, 0, 0, 0, 0, 1, 1, 1, 1]",Int64[],false,false,false,0.0,Int64[],Int64[],false,false,"(self_direction = -0.27f0, stimulation = -2.71f0, hedonism = -1.21f0, achievement = -0.95f0, power = 0.04f0, security = 1.59f0, conformity = 1.14f0, tradition = 1.6f0, benevolence = 0.31f0, universalism = 0.46f0)"
5,32,"(25, 37)",6.0,5,2,4,female,"Bool[1, 1, 1, 0, 1, 0, 0, 1, 1, 0, 1]",Int64[],false,false,false,0.0,Int64[],Int64[],false,false,"(self_direction = 1.49f0, stimulation = 0.87f0, hedonism = 1.44f0, achievement = -1.35f0, power = -0.26f0, security = -0.52f0, conformity = -1.91f0, tradition = -1.01f0, benevolence = 0.79f0, universalism = 0.45f0)"
5,34,"(7, 33)",13.0,5,1,4,male,"Bool[1, 0, 1, 1, 1, 1, 1, 0, 1, 0, 0]",Int64[],false,false,false,0.0,Int64[],Int64[],false,false,"(self_direction = -0.59f0, stimulation = -1.96f0, hedonism = -0.34f0, achievement = 0.16f0, power = -0.77f0, security = 0.58f0, conformity = -0.43f0, tradition = 2.15f0, benevolence = 0.56f0, universalism = 0.64f0)"
5,35,"(31, 50)",3.0,5,4,2,male,"Bool[0, 0, 0, 1, 0, 0, 0, 1, 0, 0, 0]",Int64[],false,false,false,0.0,Int64[],Int64[],false,false,"(self_direction = 0.6f0, stimulation = -1.01f0, hedonism = -0.38f0, achievement = 0.52f0, power = -0.56f0, security = -2.14f0, conformity = -0.61f0, tradition = -0.1f0, benevolence = 2.09f0, universalism = 1.61f0)"
5,36,"(43, 42)",1.0,5,1,1,female,"Bool[1, 1, 1, 0, 1, 1, 0, 1, 1, 1, 1]",Int64[],false,false,false,0.0,Int64[],Int64[],false,false,"(self_direction = 0.12f0, stimulation = -2.4f0, hedonism = -1.47f0, achievement = -0.27f0, power = -0.9f0, security = 1.12f0, conformity = 1.4f0, tradition = 1.68f0, benevolence = -0.36f0, universalism = 1.08f0)"
5,37,"(33, 8)",6.0,5,6,3,female,"Bool[1, 1, 0, 1, 1, 0, 1, 0, 1, 0, 0]",Int64[],false,false,false,0.0,Int64[],Int64[],false,false,"(self_direction = 1.68f0, stimulation = -1.71f0, hedonism = 0.65f0, achievement = -0.12f0, power = -2.55f0, security = -0.61f0, conformity = -1.18f0, tradition = -0.39f0, benevolence = 2.42f0, universalism = 1.8f0)"
5,38,"(37, 12)",28.0,5,2,1,female,"Bool[0, 1, 1, 0, 1, 0, 0, 0, 0, 1, 1]",Int64[],false,false,false,0.0,Int64[],Int64[],false,false,"(self_direction = 0.12f0, stimulation = 0.08f0, hedonism = 0.25f0, achievement = 1.01f0, power = -0.44f0, security = -0.11f0, conformity = -1.19f0, tradition = 0.02f0, benevolence = 0.11f0, universalism = 0.15f0)"
5,39,"(9, 24)",10.0,5,1,1,female,"Bool[0, 0, 0, 1, 1, 0, 1, 1, 1, 1, 1]",Int64[],false,false,false,0.0,Int64[],Int64[],false,false,"(self_direction = -0.15f0, stimulation = -0.19f0, hedonism = -0.55f0, achievement = 0.45f0, power = 1.2f0, security = -0.52f0, conformity = -0.8f0, tradition = 0.05f0, benevolence = 0.75f0, universalism = -0.23f0)"
5,40,"(15, 40)",21.0,5,5,4,female,"Bool[0, 1, 0, 0, 0, 0, 0, 0, 1, 0, 1]",Int64[],false,true,false,0.0,Int64[],Int64[],false,false,"(self_direction = 0.84f0, stimulation = 0.21f0, hedonism = -1.56f0, achievement = 1.02f0, power = 1.64f0, security = 0.67f0, conformity = -0.06f0, tradition = -1.52f0, benevolence = -0.99f0, universalism = -0.26f0)"
5,42,"(24, 9)",21.0,5,2,1,male,"Bool[1, 1, 1, 0, 1, 0, 1, 0, 1, 1, 0]",Int64[],false,false,false,0.0,Int64[],Int64[],false,false,"(self_direction = 0.88f0, stimulation = 0.55f0, hedonism = -0.27f0, achievement = 0.73f0, power = 0.52f0, security = -0.62f0, conformity = -1.69f0, tradition = -0.48f0, benevolence = 0.54f0, universalism = -0.16f0)"
5,44,"(10, 1)",3.0,5,2,3,female,"Bool[1, 1, 1, 1, 0, 0, 1, 1, 0, 1, 1]",Int64[],false,false,false,0.0,Int64[],Int64[],false,false,"(self_direction = 0.02f0, stimulation = -0.28f0, hedonism = -0.04f0, achievement = 1.15f0, power = -1.55f0, security = -0.08f0, conformity = 0.43f0, tradition = 0.54f0, benevolence = -0.21f0, universalism = 0.02f0)"
5,46,"(18, 40)",31.0,5,6,2,male,"Bool[1, 1, 0, 0, 1, 0, 1, 0, 1, 1, 0]",Int64[],false,false,false,0.0,Int64[],Int64[],false,false,"(self_direction = 0.22f0, stimulation = -2.48f0, hedonism = -0.52f0, achievement = -0.5f0, power = -1.06f0, security = 0.08f0, conformity = 0.24f0, tradition = 0.66f0, benevolence = 2.2f0, universalism = 1.16f0)"
5,49,"(6, 24)",8.0,5,1,1,female,"Bool[1, 1, 1, 0, 1, 1, 0, 0, 0, 0, 1]",Int64[],false,false,false,0.0,Int64[],Int64[],false,false,"(self_direction = 0.15f0, stimulation = 0.47f0, hedonism = -0.56f0, achievement = -1.05f0, power = 0.67f0, security = 0.56f0, conformity = 0.11f0, tradition = -1.57f0, benevolence = 1.24f0, universalism = -0.01f0)"
5,50,"(14, 29)",18.0,5,5,2,female,"Bool[1, 1, 1, 1, 1, 1, 0, 1, 1, 0, 1]",Int64[],false,false,false,0.0,Int64[],Int64[],false,false,"(self_direction = 1.23f0, stimulation = 1.17f0, hedonism = -0.07f0, achievement = -0.65f0, power = -0.34f0, security = 0.01f0, conformity = -0.82f0, tradition = -1.19f0, benevolence = 0.16f0, universalism = 0.5f0)"
6,2,"(14, 41)",21.0,6,6,1,male,"Bool[1, 0, 0, 0, 0, 1, 1, 0, 0, 1, 1]",Int64[],false,true,false,0.0,Int64[],Int64[],false,false,"(self_direction = -0.2f0, stimulation = 1.94f0, hedonism = 0.34f0, achievement = -0.86f0, power = -0.56f0, security = 0.39f0, conformity = 1.37f0, tradition = -1.75f0, benevolence = -0.25f0, universalism = -0.43f0)"
6,3,"(32, 5)",7.0,6,1,4,female,"Bool[1, 1, 1, 0, 1, 0, 1, 1, 1, 0, 1]",Int64[],false,true,false,0.0,Int64[],Int64[],false,false,"(self_direction = -1.02f0, stimulation = 0.41f0, hedonism = 1.69f0, achievement = 0.94f0, power = -0.57f0, security = -0.62f0, conformity = -0.88f0, tradition = -2.08f0, benevolence = 0.85f0, universalism = 1.29f0)"
6,4,"(9, 13)",4.0,6,6,2,male,"Bool[1, 1, 1, 0, 0, 1, 1, 0, 1, 0, 0]",Int64[],false,false,false,0.0,Int64[],Int64[],false,false,"(self_direction = 1.12f0, stimulation = -0.91f0, hedonism = -0.45f0, achievement = -0.25f0, power = -0.84f0, security = 0.09f0, conformity = -0.34f0, tradition = 0.38f0, benevolence = 1.16f0, universalism = 0.03f0)"
6,5,"(12, 39)",32.0,6,6,1,female,"Bool[1, 0, 0, 1, 0, 0, 0, 1, 0, 0, 0]",Int64[],false,false,true,0.0,Int64[],Int64[],false,false,"(self_direction = 0.65f0, stimulation = -1.07f0, hedonism = -1.81f0, achievement = 0.18f0, power = 0.04f0, security = 1.21f0, conformity = 0.17f0, tradition = -0.26f0, benevolence = 0.35f0, universalism = 0.53f0)"
6,6,"(24, 28)",5.0,6,3,2,female,"Bool[0, 0, 0, 1, 0, 0, 0, 0, 1, 1, 0]",Int64[],false,false,false,0.0,Int64[],Int64[],false,false,"(self_direction = 0.22f0, stimulation = -3.54f0, hedonism = -1.15f0, achievement = 0.39f0, power = 0.42f0, security = 0.46f0, conformity = -0.19f0, tradition = 1.08f0, benevolence = 1.61f0, universalism = 0.7f0)"
6,7,"(11, 37)",20.0,6,1,1,male,"Bool[1, 1, 0, 1, 0, 0, 1, 0, 0, 1, 0]",Int64[],false,false,false,0.0,Int64[],Int64[],false,false,"(self_direction = 0.19f0, stimulation = -1.31f0, hedonism = -0.57f0, achievement = -0.3f0, power = -1.63f0, security = 0.7f0, conformity = 0.48f0, tradition = 0.19f0, benevolence = 1.45f0, universalism = 0.8f0)"
6,8,"(36, 13)",17.0,6,4,3,male,"Bool[1, 1, 1, 0, 0, 0, 1, 1, 0, 0, 1]",Int64[],false,false,false,0.0,Int64[],Int64[],false,false,"(self_direction = 0.93f0, stimulation = 0.74f0, hedonism = 0.21f0, achievement = -0.22f0, power = 0.61f0, security = -0.88f0, conformity = -0.74f0, tradition = -1.36f0, benevolence = 0.89f0, universalism = -0.19f0)"
6,10,"(39, 45)",8.0,6,6,1,male,"Bool[0, 1, 0, 0, 0, 0, 1, 1, 0, 1, 0]",Int64[],false,false,false,0.0,Int64[],Int64[],false,false,"(self_direction = -0.22f0, stimulation = -1.58f0, hedonism = -0.44f0, achievement = 0.19f0, power = 1.67f0, security = -0.49f0, conformity = -1.29f0, tradition = 1.1f0, benevolence = 0.21f0, universalism = 0.86f0)"
6,11,"(34, 5)",14.0,6,2,2,male,"Bool[1, 1, 1, 0, 1, 0, 1, 1, 1, 1, 0]",Int64[],false,false,false,0.0,Int64[],Int64[],false,false,"(self_direction = 0.66f0, stimulation = -1.08f0, hedonism = -0.64f0, achievement = -1.11f0, power = 0.02f0, security = 0.15f0, conformity = -0.19f0, tradition = 0.6f0, benevolence = 1.11f0, universalism = 0.48f0)"
6,12,"(30, 8)",11.0,6,6,2,male,"Bool[1, 0, 0, 0, 0, 0, 0, 1, 0, 0, 1]",Int64[],false,false,false,0.0,Int64[],Int64[],false,false,"(self_direction = -1.71f0, stimulation = -1.91f0, hedonism = -1.53f0, achievement = 0.4f0, power = -0.28f0, security = 0.88f0, conformity = 1.08f0, tradition = 1.29f0, benevolence = 1.17f0, universalism = 0.62f0)"
6,13,"(15, 37)",9.0,6,6,4,male,"Bool[0, 1, 1, 0, 0, 1, 1, 1, 1, 0, 0]",Int64[],false,false,false,0.0,Int64[],Int64[],false,false,"(self_direction = 0.49f0, stimulation = -1.24f0, hedonism = -0.9f0, achievement = 0.78f0, power = -0.23f0, security = 1.31f0, conformity = -0.13f0, tradition = -1.05f0, benevolence = 0.61f0, universalism = 0.36f0)"
6,14,"(13, 39)",22.0,6,2,2,male,"Bool[1, 0, 1, 0, 0, 0, 0, 0, 0, 1, 1]",Int64[],false,false,false,0.0,Int64[],Int64[],false,true,"(self_direction = 0.2f0, stimulation = 0.04f0, hedonism = 1.05f0, achievement = -0.9f0, power = -1.31f0, security = 0.45f0, conformity = -0.64f0, tradition = 0.37f0, benevolence = 0.45f0, universalism = 0.28f0)"
6,15,"(31, 14)",8.0,6,4,2,female,"Bool[1, 0, 0, 1, 1, 0, 0, 1, 0, 1, 1]",Int64[],false,false,false,0.0,Int64[],Int64[],false,false,"(self_direction = 0.17f0, stimulation = 0.05f0, hedonism = 0.19f0, achievement = 0.91f0, power = -0.12f0, security = 1.41f0, conformity = -0.77f0, tradition = -1.7f0, benevolence = -0.53f0, universalism = 0.39f0)"
6,17,"(12, 40)",32.0,6,1,2,male,"Bool[1, 0, 1, 1, 1, 0, 1, 0, 0, 1, 0]",Int64[],false,true,false,0.0,Int64[],Int64[],false,false,"(self_direction = -0.5f0, stimulation = -0.09f0, hedonism = 0.47f0, achievement = -0.3f0, power = 1.22f0, security = 0.57f0, conformity = -1.09f0, tradition = -0.68f0, benevolence = -0.07f0, universalism = 0.46f0)"
6,19,"(48, 27)",10.0,6,4,2,female,"Bool[0, 1, 1, 0, 0, 0, 1, 0, 1, 1, 1]",Int64[],false,false,false,0.0,Int64[],Int64[],false,false,"(self_direction = -1.22f0, stimulation = -1.2f0, hedonism = 0.84f0, achievement = -0.6f0, power = -0.35f0, security = -0.21f0, conformity = 1.49f0, tradition = 0.75f0, benevolence = 0.68f0, universalism = -0.17f0)"
6,20,"(13, 9)",8.0,6,4,1,male,"Bool[0, 1, 1, 1, 0, 0, 1, 1, 0, 1, 0]",Int64[],false,false,false,0.0,Int64[],Int64[],false,false,"(self_direction = 0.59f0, stimulation = -0.24f0, hedonism = 0.48f0, achievement = -0.55f0, power = -1.44f0, security = 0.58f0, conformity = 0.76f0, tradition = -0.46f0, benevolence = 0.5f0, universalism = -0.23f0)"
6,21,"(6, 20)",18.0,6,4,1,female,"Bool[1, 1, 1, 1, 1, 0, 1, 0, 1, 1, 0]",Int64[],false,false,false,0.0,Int64[],Int64[],false,false,"(self_direction = 0.67f0, stimulation = -0.17f0, hedonism = 0.01f0, achievement = -0.58f0, power = -0.62f0, security = 0.56f0, conformity = -0.33f0, tradition = -0.85f0, benevolence = 1.12f0, universalism = 0.2f0)"
6,22,"(20, 18)",7.0,6,1,3,male,"Bool[1, 1, 0, 0, 0, 0, 1, 0, 1, 1, 1]",Int64[],false,false,false,0.0,Int64[],Int64[],false,false,"(self_direction = 0.31f0, stimulation = -0.39f0, hedonism = -2.45f0, achievement = -1.15f0, power = -1.42f0, security = 1.37f0, conformity = 0.8f0, tradition = 0.96f0, benevolence = 1.43f0, universalism = 0.55f0)"
6,23,"(31, 5)",35.0,6,2,1,male,"Bool[1, 1, 0, 0, 1, 0, 0, 0, 1, 1, 0]",Int64[],false,false,false,0.0,Int64[],Int64[],false,true,"(self_direction = -0.04f0, stimulation = 0.06f0, hedonism = -0.5f0, achievement = -0.78f0, power = -0.89f0, security = 1.14f0, conformity = 1.0f0, tradition = -1.39f0, benevolence = 0.19f0, universalism = 1.2f0)"
6,24,"(15, 42)",21.0,6,6,2,female,"Bool[1, 0, 0, 1, 0, 0, 0, 1, 1, 0, 1]",Int64[],false,false,false,0.0,Int64[],Int64[],false,true,"(self_direction = -0.27f0, stimulation = -2.78f0, hedonism = -1.22f0, achievement = 0.04f0, power = -0.46f0, security = 1.43f0, conformity = 2.56f0, tradition = 0.04f0, benevolence = 0.33f0, universalism = 0.33f0)"
6,26,"(44, 13)",12.0,6,2,3,female,"Bool[1, 0, 1, 1, 0, 0, 1, 1, 1, 0, 1]",Int64[],false,false,false,0.0,Int64[],Int64[],false,false,"(self_direction = 0.66f0, stimulation = -1.26f0, hedonism = 0.52f0, achievement = 0.61f0, power = 0.57f0, security = -0.35f0, conformity = -1.07f0, tradition = -0.17f0, benevolence = 0.88f0, universalism = -0.38f0)"
6,27,"(32, 1)",19.0,6,1,3,male,"Bool[0, 0, 1, 1, 0, 1, 1, 0, 0, 1, 1]",Int64[],false,false,false,0.0,Int64[],Int64[],false,false,"(self_direction = -0.33f0, stimulation = -0.2f0, hedonism = -0.7f0, achievement = 0.0f0, power = -0.14f0, security = 0.83f0, conformity = 0.09f0, tradition = -0.14f0, benevolence = 0.76f0, universalism = -0.18f0)"
6,29,"(38, 10)",9.0,6,5,4,male,"Bool[1, 0, 0, 1, 1, 0, 1, 1, 1, 0, 0]",Int64[],false,false,false,0.0,Int64[],Int64[],false,false,"(self_direction = 0.9f0, stimulation = -0.65f0, hedonism = 1.65f0, achievement = -1.87f0, power = -0.61f0, security = -0.87f0, conformity = -1.36f0, tradition = 0.48f0, benevolence = 0.82f0, universalism = 1.51f0)"
6,30,"(17, 38)",24.0,6,2,3,female,"Bool[0, 1, 1, 1, 0, 0, 1, 1, 1, 0, 0]",Int64[],false,false,false,0.0,Int64[],Int64[],false,false,"(self_direction = 0.8f0, stimulation = -1.4f0, hedonism = -0.49f0, achievement = 0.4f0, power = -0.13f0, security = 1.55f0, conformity = -1.37f0, tradition = -0.51f0, benevolence = 0.46f0, universalism = 0.7f0)"
6,31,"(15, 41)",32.0,6,5,2,female,"Bool[0, 1, 1, 0, 0, 0, 0, 1, 1, 1, 1]",Int64[],false,true,false,0.0,Int64[],Int64[],false,false,"(self_direction = -0.27f0, stimulation = -2.71f0, hedonism = -1.21f0, achievement = -0.95f0, power = 0.04f0, security = 1.59f0, conformity = 1.14f0, tradition = 1.6f0, benevolence = 0.31f0, universalism = 0.46f0)"
6,32,"(25, 36)",4.0,6,2,4,female,"Bool[1, 1, 1, 0, 1, 0, 0, 1, 1, 0, 1]",Int64[],false,false,false,0.0,Int64[],Int64[],false,false,"(self_direction = 1.49f0, stimulation = 0.87f0, hedonism = 1.44f0, achievement = -1.35f0, power = -0.26f0, security = -0.52f0, conformity = -1.91f0, tradition = -1.01f0, benevolence = 0.79f0, universalism = 0.45f0)"
6,34,"(7, 33)",10.0,6,1,4,male,"Bool[1, 0, 1, 1, 1, 1, 1, 0, 1, 0, 0]",Int64[],false,false,false,0.0,Int64[],Int64[],false,false,"(self_direction = -0.59f0, stimulation = -1.96f0, hedonism = -0.34f0, achievement = 0.16f0, power = -0.77f0, security = 0.58f0, conformity = -0.43f0, tradition = 2.15f0, benevolence = 0.56f0, universalism = 0.64f0)"
6,35,"(31, 50)",1.0,6,4,2,male,"Bool[0, 0, 0, 1, 0, 0, 0, 1, 0, 0, 0]",Int64[],false,false,false,0.0,Int64[],Int64[],false,false,"(self_direction = 0.6f0, stimulation = -1.01f0, hedonism = -0.38f0, achievement = 0.52f0, power = -0.56f0, security = -2.14f0, conformity = -0.61f0, tradition = -0.1f0, benevolence = 2.09f0, universalism = 1.61f0)"
6,37,"(34, 8)",7.0,6,6,3,female,"Bool[1, 1, 0, 1, 1, 0, 1, 0, 1, 0, 0]",Int64[],false,false,false,0.0,Int64[],Int64[],false,false,"(self_direction = 1.68f0, stimulation = -1.71f0, hedonism = 0.65f0, achievement = -0.12f0, power = -2.55f0, security = -0.61f0, conformity = -1.18f0, tradition = -0.39f0, benevolence = 2.42f0, universalism = 1.8f0)"
6,38,"(37, 11)",31.0,6,2,1,female,"Bool[0, 1, 1, 0, 1, 0, 0, 0, 0, 1, 1]",Int64[],false,false,false,0.0,Int64[],Int64[],false,false,"(self_direction = 0.12f0, stimulation = 0.08f0, hedonism = 0.25f0, achievement = 1.01f0, power = -0.44f0, security = -0.11f0, conformity = -1.19f0, tradition = 0.02f0, benevolence = 0.11f0, universalism = 0.15f0)"
6,39,"(9, 24)",9.0,6,1,1,female,"Bool[0, 0, 0, 1, 1, 0, 1, 1, 1, 1, 1]",Int64[],false,false,false,0.0,Int64[],Int64[],false,false,"(self_direction = -0.15f0, stimulation = -0.19f0, hedonism = -0.55f0, achievement = 0.45f0, power = 1.2f0, security = -0.52f0, conformity = -0.8f0, tradition = 0.05f0, benevolence = 0.75f0, universalism = -0.23f0)"
6,40,"(17, 40)",21.0,6,5,4,female,"Bool[0, 1, 1, 0, 0, 0, 0, 0, 1, 0, 1]",Int64[],false,true,false,0.0,Int64[],Int64[],false,false,"(self_direction = 0.84f0, stimulation = 0.21f0, hedonism = -1.56f0, achievement = 1.02f0, power = 1.64f0, security = 0.67f0, conformity = -0.06f0, tradition = -1.52f0, benevolence = -0.99f0, universalism = -0.26f0)"
6,42,"(24, 8)",22.0,6,2,1,male,"Bool[1, 1, 1, 0, 1, 0, 1, 0, 1, 1, 0]",Int64[],false,false,false,0.0,Int64[],Int64[],false,false,"(self_direction = 0.88f0, stimulation = 0.55f0, hedonism = -0.27f0, achievement = 0.73f0, power = 0.52f0, security = -0.62f0, conformity = -1.69f0, tradition = -0.48f0, benevolence = 0.54f0, universalism = -0.16f0)"
6,46,"(18, 39)",33.0,6,6,2,male,"Bool[0, 1, 0, 0, 1, 0, 1, 0, 1, 1, 0]",Int64[],false,false,false,0.0,Int64[],Int64[],false,false,"(self_direction = 0.22f0, stimulation = -2.48f0, hedonism = -0.52f0, achievement = -0.5f0, power = -1.06f0, security = 0.08f0, conformity = 0.24f0, tradition = 0.66f0, benevolence = 2.2f0, universalism = 1.16f0)"
6,49,"(6, 24)",7.0,6,1,1,female,"Bool[1, 1, 1, 0, 1, 1, 0, 0, 0, 0, 1]",Int64[],false,false,false,0.0,Int64[],Int64[],false,false,"(self_direction = 0.15f0, stimulation = 0.47f0, hedonism = -0.56f0, achievement = -1.05f0, power = 0.67f0, security = 0.56f0, conformity = 0.11f0, tradition = -1.57f0, benevolence = 1.24f0, universalism = -0.01f0)"
6,50,"(14, 33)",19.0,6,5,2,female,"Bool[1, 1, 1, 1, 1, 1, 0, 1, 1, 0, 1]",Int64[],false,false,false,0.0,Int64[],Int64[],false,false,"(self_direction = 1.23f0, stimulation = 1.17f0, hedonism = -0.07f0, achievement = -0.65f0, power = -0.34f0, security = 0.01f0, conformity = -0.82f0, tradition = -1.19f0, benevolence = 0.16f0, universalism = 0.5f0)"
7,2,"(13, 42)",24.0,7,6,1,male,"Bool[1, 0, 0, 0, 0, 1, 1, 0, 0, 1, 1]",Int64[],false,false,false,0.0,Int64[],Int64[],false,false,"(self_direction = -0.2f0, stimulation = 1.94f0, hedonism = 0.34f0, achievement = -0.86f0, power = -0.56f0, security = 0.39f0, conformity = 1.37f0, tradition = -1.75f0, benevolence = -0.25f0, universalism = -0.43f0)"
7,3,"(32, 6)",6.0,7,1,4,female,"Bool[1, 1, 1, 0, 1, 0, 1, 1, 1, 0, 1]",Int64[],false,false,false,0.0,Int64[],Int64[],false,false,"(self_direction = -1.02f0, stimulation = 0.41f0, hedonism = 1.69f0, achievement = 0.94f0, power = -0.57f0, security = -0.62f0, conformity = -0.88f0, tradition = -2.08f0, benevolence = 0.85f0, universalism = 1.29f0)"
7,4,"(9, 13)",2.0,7,6,2,male,"Bool[1, 1, 1, 0, 0, 1, 1, 0, 1, 0, 0]",Int64[],false,false,false,0.0,Int64[],Int64[],false,false,"(self_direction = 1.12f0, stimulation = -0.91f0, hedonism = -0.45f0, achievement = -0.25f0, power = -0.84f0, security = 0.09f0, conformity = -0.34f0, tradition = 0.38f0, benevolence = 1.16f0, universalism = 0.03f0)"
7,5,"(12, 38)",34.0,7,6,1,female,"Bool[1, 0, 0, 1, 0, 0, 0, 1, 0, 0, 0]",Int64[],false,true,false,0.0,Int64[],Int64[],false,false,"(self_direction = 0.65f0, stimulation = -1.07f0, hedonism = -1.81f0, achievement = 0.18f0, power = 0.04f0, security = 1.21f0, conformity = 0.17f0, tradition = -0.26f0, benevolence = 0.35f0, universalism = 0.53f0)"
7,6,"(24, 28)",4.0,7,3,2,female,"Bool[0, 0, 0, 1, 0, 0, 0, 0, 1, 1, 0]",Int64[],false,false,false,0.0,Int64[],Int64[],false,false,"(self_direction = 0.22f0, stimulation = -3.54f0, hedonism = -1.15f0, achievement = 0.39f0, power = 0.42f0, security = 0.46f0, conformity = -0.19f0, tradition = 1.08f0, benevolence = 1.61f0, universalism = 0.7f0)"
7,7,"(11, 36)",22.0,7,1,1,male,"Bool[1, 1, 0, 1, 0, 0, 1, 0, 0, 1, 0]",Int64[],false,false,false,0.0,Int64[],Int64[],false,false,"(self_direction = 0.19f0, stimulation = -1.31f0, hedonism = -0.57f0, achievement = -0.3f0, power = -1.63f0, security = 0.7f0, conformity = 0.48f0, tradition = 0.19f0, benevolence = 1.45f0, universalism = 0.8f0)"
7,8,"(36, 12)",18.0,7,4,3,male,"Bool[1, 1, 1, 0, 0, 0, 1, 1, 0, 0, 1]",Int64[],false,true,false,0.0,Int64[],Int64[],false,false,"(self_direction = 0.93f0, stimulation = 0.74f0, hedonism = 0.21f0, achievement = -0.22f0, power = 0.61f0, security = -0.88f0, conformity = -0.74f0, tradition = -1.36f0, benevolence = 0.89f0, universalism = -0.19f0)"
7,10,"(39, 45)",7.0,7,6,1,male,"Bool[0, 1, 0, 0, 0, 0, 1, 1, 0, 1, 0]",Int64[],false,false,false,0.0,Int64[],Int64[],false,false,"(self_direction = -0.22f0, stimulation = -1.58f0, hedonism = -0.44f0, achievement = 0.19f0, power = 1.67f0, security = -0.49f0, conformity = -1.29f0, tradition = 1.1f0, benevolence = 0.21f0, universalism = 0.86f0)"
7,11,"(34, 7)",16.0,7,2,2,male,"Bool[1, 1, 1, 0, 1, 0, 1, 1, 1, 1, 0]",Int64[],false,true,false,0.0,Int64[],Int64[],false,false,"(self_direction = 0.66f0, stimulation = -1.08f0, hedonism = -0.64f0, achievement = -1.11f0, power = 0.02f0, security = 0.15f0, conformity = -0.19f0, tradition = 0.6f0, benevolence = 1.11f0, universalism = 0.48f0)"
7,12,"(29, 7)",12.0,7,6,2,male,"Bool[1, 0, 0, 0, 0, 0, 0, 1, 0, 0, 1]",Int64[],false,false,false,0.0,Int64[],Int64[],false,false,"(self_direction = -1.71f0, stimulation = -1.91f0, hedonism = -1.53f0, achievement = 0.4f0, power = -0.28f0, security = 0.88f0, conformity = 1.08f0, tradition = 1.29f0, benevolence = 1.17f0, universalism = 0.62f0)"
7,13,"(14, 37)",9.0,7,6,4,male,"Bool[0, 1, 1, 0, 0, 1, 1, 1, 1, 0, 0]",Int64[],false,false,false,0.0,Int64[],Int64[],false,false,"(self_direction = 0.49f0, stimulation = -1.24f0, hedonism = -0.9f0, achievement = 0.78f0, power = -0.23f0, security = 1.31f0, conformity = -0.13f0, tradition = -1.05f0, benevolence = 0.61f0, universalism = 0.36f0)"
7,14,"(13, 38)",24.0,7,2,2,male,"Bool[1, 0, 0, 0, 0, 0, 0, 0, 0, 1, 1]",Int64[],false,false,true,0.0,Int64[],Int64[],false,false,"(self_direction = 0.2f0, stimulation = 0.04f0, hedonism = 1.05f0, achievement = -0.9f0, power = -1.31f0, security = 0.45f0, conformity = -0.64f0, tradition = 0.37f0, benevolence = 0.45f0, universalism = 0.28f0)"
7,15,"(31, 13)",9.0,7,4,2,female,"Bool[1, 0, 0, 1, 1, 0, 0, 1, 0, 1, 1]",Int64[],false,false,false,0.0,Int64[],Int64[],false,false,"(self_direction = 0.17f0, stimulation = 0.05f0, hedonism = 0.19f0, achievement = 0.91f0, power = -0.12f0, security = 1.41f0, conformity = -0.77f0, tradition = -1.7f0, benevolence = -0.53f0, universalism = 0.39f0)"
7,17,"(12, 41)",34.0,7,1,2,male,"Bool[1, 0, 1, 1, 1, 0, 1, 0, 0, 1, 0]",Int64[],false,false,false,0.0,Int64[],Int64[],false,false,"(self_direction = -0.5f0, stimulation = -0.09f0, hedonism = 0.47f0, achievement = -0.3f0, power = 1.22f0, security = 0.57f0, conformity = -1.09f0, tradition = -0.68f0, benevolence = -0.07f0, universalism = 0.46f0)"
7,19,"(48, 27)",8.0,7,4,2,female,"Bool[0, 1, 1, 0, 0, 0, 1, 0, 1, 1, 1]",Int64[],false,false,false,0.0,Int64[],Int64[],false,false,"(self_direction = -1.22f0, stimulation = -1.2f0, hedonism = 0.84f0, achievement = -0.6f0, power = -0.35f0, security = -0.21f0, conformity = 1.49f0, tradition = 0.75f0, benevolence = 0.68f0, universalism = -0.17f0)"
7,20,"(13, 9)",7.0,7,4,1,male,"Bool[0, 1, 1, 1, 0, 0, 1, 1, 0, 1, 0]",Int64[],false,false,false,0.0,Int64[],Int64[],false,false,"(self_direction = 0.59f0, stimulation = -0.24f0, hedonism = 0.48f0, achievement = -0.55f0, power = -1.44f0, security = 0.58f0, conformity = 0.76f0, tradition = -0.46f0, benevolence = 0.5f0, universalism = -0.23f0)"
7,21,"(6, 20)",17.0,7,4,1,female,"Bool[1, 1, 1, 1, 1, 0, 1, 0, 1, 1, 0]",Int64[],false,false,false,0.0,Int64[],Int64[],false,false,"(self_direction = 0.67f0, stimulation = -0.17f0, hedonism = 0.01f0, achievement = -0.58f0, power = -0.62f0, security = 0.56f0, conformity = -0.33f0, tradition = -0.85f0, benevolence = 1.12f0, universalism = 0.2f0)"
7,22,"(20, 18)",4.0,7,1,3,male,"Bool[1, 1, 0, 0, 0, 0, 1, 0, 1, 1, 1]",Int64[],false,false,false,0.0,Int64[],Int64[],false,false,"(self_direction = 0.31f0, stimulation = -0.39f0, hedonism = -2.45f0, achievement = -1.15f0, power = -1.42f0, security = 1.37f0, conformity = 0.8f0, tradition = 0.96f0, benevolence = 1.43f0, universalism = 0.55f0)"
7,23,"(30, 5)",37.0,7,2,1,male,"Bool[1, 1, 0, 0, 1, 0, 0, 0, 1, 1, 0]",Int64[],false,false,false,0.0,Int64[],Int64[],false,false,"(self_direction = -0.04f0, stimulation = 0.06f0, hedonism = -0.5f0, achievement = -0.78f0, power = -0.89f0, security = 1.14f0, conformity = 1.0f0, tradition = -1.39f0, benevolence = 0.19f0, universalism = 1.2f0)"
7,24,"(16, 43)",23.0,7,6,2,female,"Bool[0, 0, 0, 1, 0, 0, 0, 1, 1, 0, 1]",Int64[],false,true,false,0.0,Int64[],Int64[],false,false,"(self_direction = -0.27f0, stimulation = -2.78f0, hedonism = -1.22f0, achievement = 0.04f0, power = -0.46f0, security = 1.43f0, conformity = 2.56f0, tradition = 0.04f0, benevolence = 0.33f0, universalism = 0.33f0)"
7,26,"(44, 13)",10.0,7,2,3,female,"Bool[1, 0, 1, 1, 0, 0, 1, 1, 1, 0, 1]",Int64[],false,false,false,0.0,Int64[],Int64[],false,false,"(self_direction = 0.66f0, stimulation = -1.26f0, hedonism = 0.52f0, achievement = 0.61f0, power = 0.57f0, security = -0.35f0, conformity = -1.07f0, tradition = -0.17f0, benevolence = 0.88f0, universalism = -0.38f0)"
7,27,"(31, 1)",18.0,7,1,3,male,"Bool[0, 0, 1, 1, 0, 1, 1, 0, 0, 1, 1]",Int64[],false,false,false,0.0,Int64[],Int64[],false,false,"(self_direction = -0.33f0, stimulation = -0.2f0, hedonism = -0.7f0, achievement = 0.0f0, power = -0.14f0, security = 0.83f0, conformity = 0.09f0, tradition = -0.14f0, benevolence = 0.76f0, universalism = -0.18f0)"
7,29,"(37, 10)",9.0,7,5,4,male,"Bool[1, 0, 0, 1, 1, 0, 1, 1, 1, 0, 0]",Int64[],false,false,false,0.0,Int64[],Int64[],false,false,"(self_direction = 0.9f0, stimulation = -0.65f0, hedonism = 1.65f0, achievement = -1.87f0, power = -0.61f0, security = -0.87f0, conformity = -1.36f0, tradition = 0.48f0, benevolence = 0.82f0, universalism = 1.51f0)"
7,30,"(16, 39)",25.0,7,2,3,female,"Bool[0, 1, 1, 0, 0, 0, 1, 1, 1, 0, 0]",Int64[],false,false,true,0.0,Int64[],Int64[],false,false,"(self_direction = 0.8f0, stimulation = -1.4f0, hedonism = -0.49f0, achievement = 0.4f0, power = -0.13f0, security = 1.55f0, conformity = -1.37f0, tradition = -0.51f0, benevolence = 0.46f0, universalism = 0.7f0)"
7,31,"(16, 42)",34.0,7,5,2,female,"Bool[0, 0, 1, 0, 0, 0, 0, 1, 1, 1, 1]",Int64[],false,true,true,0.0,Int64[],Int64[],false,false,"(self_direction = -0.27f0, stimulation = -2.71f0, hedonism = -1.21f0, achievement = -0.95f0, power = 0.04f0, security = 1.59f0, conformity = 1.14f0, tradition = 1.6f0, benevolence = 0.31f0, universalism = 0.46f0)"
7,32,"(25, 35)",2.0,7,2,4,female,"Bool[1, 1, 1, 0, 1, 0, 0, 1, 1, 0, 1]",Int64[],false,false,false,0.0,Int64[],Int64[],false,false,"(self_direction = 1.49f0, stimulation = 0.87f0, hedonism = 1.44f0, achievement = -1.35f0, power = -0.26f0, security = -0.52f0, conformity = -1.91f0, tradition = -1.01f0, benevolence = 0.79f0, universalism = 0.45f0)"
7,34,"(7, 32)",8.0,7,1,4,male,"Bool[1, 0, 1, 1, 1, 1, 1, 0, 1, 0, 0]",Int64[],false,false,false,0.0,Int64[],Int64[],false,false,"(self_direction = -0.59f0, stimulation = -1.96f0, hedonism = -0.34f0, achievement = 0.16f0, power = -0.77f0, security = 0.58f0, conformity = -0.43f0, tradition = 2.15f0, benevolence = 0.56f0, universalism = 0.64f0)"
7,37,"(35, 8)",8.0,7,6,3,female,"Bool[1, 1, 1, 1, 1, 0, 1, 0, 1, 0, 0]",Int64[],false,false,false,0.0,Int64[],Int64[],false,false,"(self_direction = 1.68f0, stimulation = -1.71f0, hedonism = 0.65f0, achievement = -0.12f0, power = -2.55f0, security = -0.61f0, conformity = -1.18f0, tradition = -0.39f0, benevolence = 2.42f0, universalism = 1.8f0)"
7,38,"(36, 11)",34.0,7,2,1,female,"Bool[1, 1, 1, 0, 1, 0, 0, 0, 0, 1, 1]",Int64[],false,false,true,0.0,Int64[],Int64[],false,false,"(self_direction = 0.12f0, stimulation = 0.08f0, hedonism = 0.25f0, achievement = 1.01f0, power = -0.44f0, security = -0.11f0, conformity = -1.19f0, tradition = 0.02f0, benevolence = 0.11f0, universalism = 0.15f0)"
7,39,"(9, 24)",8.0,7,1,1,female,"Bool[0, 0, 0, 1, 1, 0, 1, 1, 1, 1, 1]",Int64[],false,false,false,0.0,Int64[],Int64[],false,false,"(self_direction = -0.15f0, stimulation = -0.19f0, hedonism = -0.55f0, achievement = 0.45f0, power = 1.2f0, security = -0.52f0, conformity = -0.8f0, tradition = 0.05f0, benevolence = 0.75f0, universalism = -0.23f0)"
7,40,"(17, 39)",21.0,7,5,4,female,"Bool[0, 1, 1, 0, 0, 0, 0, 0, 1, 0, 1]",Int64[],false,true,false,0.0,Int64[],Int64[],false,false,"(self_direction = 0.84f0, stimulation = 0.21f0, hedonism = -1.56f0, achievement = 1.02f0, power = 1.64f0, security = 0.67f0, conformity = -0.06f0, tradition = -1.52f0, benevolence = -0.99f0, universalism = -0.26f0)"
7,42,"(24, 7)",23.0,7,2,1,male,"Bool[1, 1, 1, 0, 1, 0, 1, 0, 1, 1, 0]",Int64[],false,false,false,0.0,Int64[],Int64[],false,false,"(self_direction = 0.88f0, stimulation = 0.55f0, hedonism = -0.27f0, achievement = 0.73f0, power = 0.52f0, security = -0.62f0, conformity = -1.69f0, tradition = -0.48f0, benevolence = 0.54f0, universalism = -0.16f0)"
7,46,"(18, 41)",35.0,7,6,2,male,"Bool[0, 1, 0, 0, 1, 0, 1, 0, 1, 1, 0]",Int64[],false,false,false,0.0,Int64[],Int64[],false,false,"(self_direction = 0.22f0, stimulation = -2.48f0, hedonism = -0.52f0, achievement = -0.5f0, power = -1.06f0, security = 0.08f0, conformity = 0.24f0, tradition = 0.66f0, benevolence = 2.2f0, universalism = 1.16f0)"
7,49,"(6, 24)",6.0,7,1,1,female,"Bool[1, 1, 1, 0, 1, 1, 0, 0, 0, 0, 1]",Int64[],false,false,false,0.0,Int64[],Int64[],false,false,"(self_direction = 0.15f0, stimulation = 0.47f0, hedonism = -0.56f0, achievement = -1.05f0, power = 0.67f0, security = 0.56f0, conformity = 0.11f0, tradition = -1.57f0, benevolence = 1.24f0, universalism = -0.01f0)"
7,50,"(15, 33)",20.0,7,5,2,female,"Bool[1, 1, 1, 1, 1, 1, 0, 1, 1, 0, 1]",Int64[],false,false,false,0.0,Int64[],Int64[],false,false,"(self_direction = 1.23f0, stimulation = 1.17f0, hedonism = -0.07f0, achievement = -0.65f0, power = -0.34f0, security = 0.01f0, conformity = -0.82f0, tradition = -1.19f0, benevolence = 0.16f0, universalism = 0.5f0)"
8,2,"(13, 41)",27.0,8,6,1,male,"Bool[1, 0, 0, 0, 0, 1, 1, 0, 0, 1, 1]",Int64[],false,true,false,0.0,Int64[],Int64[],false,false,"(self_direction = -0.2f0, stimulation = 1.94f0, hedonism = 0.34f0, achievement = -0.86f0, power = -0.56f0, security = 0.39f0, conformity = 1.37f0, tradition = -1.75f0, benevolence = -0.25f0, universalism = -0.43f0)"
8,3,"(31, 6)",5.0,8,1,4,female,"Bool[1, 1, 1, 0, 1, 0, 1, 1, 1, 0, 1]",Int64[],false,true,false,0.0,Int64[],Int64[],false,false,"(self_direction = -1.02f0, stimulation = 0.41f0, hedonism = 1.69f0, achievement = 0.94f0, power = -0.57f0, security = -0.62f0, conformity = -0.88f0, tradition = -2.08f0, benevolence = 0.85f0, universalism = 1.29f0)"
8,5,"(16, 40)",37.0,8,6,1,female,"Bool[1, 0, 0, 1, 0, 0, 0, 1, 0, 0, 0]",Int64[],false,false,false,0.0,Int64[],Int64[],false,false,"(self_direction = 0.65f0, stimulation = -1.07f0, hedonism = -1.81f0, achievement = 0.18f0, power = 0.04f0, security = 1.21f0, conformity = 0.17f0, tradition = -0.26f0, benevolence = 0.35f0, universalism = 0.53f0)"
8,6,"(24, 28)",3.0,8,3,2,female,"Bool[0, 0, 0, 1, 0, 0, 0, 0, 1, 1, 0]",Int64[],false,false,false,0.0,Int64[],Int64[],false,false,"(self_direction = 0.22f0, stimulation = -3.54f0, hedonism = -1.15f0, achievement = 0.39f0, power = 0.42f0, security = 0.46f0, conformity = -0.19f0, tradition = 1.08f0, benevolence = 1.61f0, universalism = 0.7f0)"
8,7,"(11, 35)",24.0,8,1,1,male,"Bool[1, 1, 0, 1, 0, 0, 1, 0, 0, 1, 0]",Int64[],false,false,false,0.0,Int64[],Int64[],false,false,"(self_direction = 0.19f0, stimulation = -1.31f0, hedonism = -0.57f0, achievement = -0.3f0, power = -1.63f0, security = 0.7f0, conformity = 0.48f0, tradition = 0.19f0, benevolence = 1.45f0, universalism = 0.8f0)"
8,8,"(35, 12)",19.0,8,4,3,male,"Bool[1, 1, 1, 0, 0, 0, 1, 1, 0, 0, 1]",Int64[],false,false,false,0.0,Int64[],Int64[],false,false,"(self_direction = 0.93f0, stimulation = 0.74f0, hedonism = 0.21f0, achievement = -0.22f0, power = 0.61f0, security = -0.88f0, conformity = -0.74f0, tradition = -1.36f0, benevolence = 0.89f0, universalism = -0.19f0)"
8,10,"(39, 45)",6.0,8,6,1,male,"Bool[0, 1, 0, 0, 0, 0, 1, 1, 0, 1, 0]",Int64[],false,false,false,0.0,Int64[],Int64[],false,false,"(self_direction = -0.22f0, stimulation = -1.58f0, hedonism = -0.44f0, achievement = 0.19f0, power = 1.67f0, security = -0.49f0, conformity = -1.29f0, tradition = 1.1f0, benevolence = 0.21f0, universalism = 0.86f0)"
8,11,"(35, 7)",18.0,8,2,2,male,"Bool[1, 1, 1, 0, 1, 0, 1, 1, 1, 1, 0]",Int64[],false,true,false,0.0,Int64[],Int64[],false,false,"(self_direction = 0.66f0, stimulation = -1.08f0, hedonism = -0.64f0, achievement = -1.11f0, power = 0.02f0, security = 0.15f0, conformity = -0.19f0, tradition = 0.6f0, benevolence = 1.11f0, universalism = 0.48f0)"
8,12,"(29, 6)",13.0,8,6,2,male,"Bool[1, 0, 0, 0, 0, 0, 0, 1, 0, 0, 1]",Int64[],false,false,false,0.0,Int64[],Int64[],false,false,"(self_direction = -1.71f0, stimulation = -1.91f0, hedonism = -1.53f0, achievement = 0.4f0, power = -0.28f0, security = 0.88f0, conformity = 1.08f0, tradition = 1.29f0, benevolence = 1.17f0, universalism = 0.62f0)"
8,13,"(15, 38)",9.0,8,6,4,male,"Bool[0, 1, 1, 0, 0, 1, 1, 1, 1, 0, 0]",Int64[],false,true,false,0.0,Int64[],Int64[],false,false,"(self_direction = 0.49f0, stimulation = -1.24f0, hedonism = -0.9f0, achievement = 0.78f0, power = -0.23f0, security = 1.31f0, conformity = -0.13f0, tradition = -1.05f0, benevolence = 0.61f0, universalism = 0.36f0)"
8,14,"(14, 38)",26.0,8,2,2,male,"Bool[1, 1, 0, 0, 0, 0, 0, 0, 0, 1, 1]",Int64[],false,false,true,0.0,Int64[],Int64[],false,true,"(self_direction = 0.2f0, stimulation = 0.04f0, hedonism = 1.05f0, achievement = -0.9f0, power = -1.31f0, security = 0.45f0, conformity = -0.64f0, tradition = 0.37f0, benevolence = 0.45f0, universalism = 0.28f0)"
8,15,"(32, 11)",11.0,8,4,2,female,"Bool[1, 0, 0, 1, 1, 0, 0, 1, 0, 1, 1]",Int64[],false,false,false,0.0,Int64[],Int64[],false,false,"(self_direction = 0.17f0, stimulation = 0.05f0, hedonism = 0.19f0, achievement = 0.91f0, power = -0.12f0, security = 1.41f0, conformity = -0.77f0, tradition = -1.7f0, benevolence = -0.53f0, universalism = 0.39f0)"
8,17,"(12, 42)",35.0,8,1,2,male,"Bool[1, 0, 0, 1, 1, 0, 1, 0, 0, 1, 0]",Int64[],false,false,false,0.0,Int64[],Int64[],false,false,"(self_direction = -0.5f0, stimulation = -0.09f0, hedonism = 0.47f0, achievement = -0.3f0, power = 1.22f0, security = 0.57f0, conformity = -1.09f0, tradition = -0.68f0, benevolence = -0.07f0, universalism = 0.46f0)"
8,19,"(48, 27)",6.0,8,4,2,female,"Bool[0, 1, 1, 0, 0, 0, 1, 0, 1, 1, 1]",Int64[],false,false,false,0.0,Int64[],Int64[],false,false,"(self_direction = -1.22f0, stimulation = -1.2f0, hedonism = 0.84f0, achievement = -0.6f0, power = -0.35f0, security = -0.21f0, conformity = 1.49f0, tradition = 0.75f0, benevolence = 0.68f0, universalism = -0.17f0)"
8,20,"(13, 9)",6.0,8,4,1,male,"Bool[0, 1, 1, 1, 0, 0, 1, 1, 0, 1, 0]",Int64[],false,false,false,0.0,Int64[],Int64[],false,false,"(self_direction = 0.59f0, stimulation = -0.24f0, hedonism = 0.48f0, achievement = -0.55f0, power = -1.44f0, security = 0.58f0, conformity = 0.76f0, tradition = -0.46f0, benevolence = 0.5f0, universalism = -0.23f0)"
8,21,"(6, 20)",16.0,8,4,1,female,"Bool[1, 1, 1, 1, 1, 0, 1, 0, 1, 1, 0]",Int64[],false,false,false,0.0,Int64[],Int64[],false,false,"(self_direction = 0.67f0, stimulation = -0.17f0, hedonism = 0.01f0, achievement = -0.58f0, power = -0.62f0, security = 0.56f0, conformity = -0.33f0, tradition = -0.85f0, benevolence = 1.12f0, universalism = 0.2f0)"
8,22,"(20, 18)",1.0,8,1,3,male,"Bool[1, 1, 0, 0, 0, 0, 1, 0, 1, 1, 1]",Int64[],false,false,false,0.0,Int64[],Int64[],false,false,"(self_direction = 0.31f0, stimulation = -0.39f0, hedonism = -2.45f0, achievement = -1.15f0, power = -1.42f0, security = 1.37f0, conformity = 0.8f0, tradition = 0.96f0, benevolence = 1.43f0, universalism = 0.55f0)"
8,23,"(30, 6)",39.0,8,2,1,male,"Bool[1, 1, 1, 0, 1, 0, 0, 0, 1, 1, 0]",Int64[],false,false,true,0.0,Int64[],Int64[],false,true,"(self_direction = -0.04f0, stimulation = 0.06f0, hedonism = -0.5f0, achievement = -0.78f0, power = -0.89f0, security = 1.14f0, conformity = 1.0f0, tradition = -1.39f0, benevolence = 0.19f0, universalism = 1.2f0)"
8,24,"(14, 43)",25.0,8,6,2,female,"Bool[0, 0, 0, 1, 0, 0, 0, 1, 1, 0, 1]",Int64[],false,false,false,0.0,Int64[],Int64[],false,false,"(self_direction = -0.27f0, stimulation = -2.78f0, hedonism = -1.22f0, achievement = 0.04f0, power = -0.46f0, security = 1.43f0, conformity = 2.56f0, tradition = 0.04f0, benevolence = 0.33f0, universalism = 0.33f0)"
8,26,"(44, 12)",9.0,8,2,3,female,"Bool[1, 0, 1, 1, 0, 0, 1, 1, 1, 0, 1]",Int64[],false,false,false,0.0,Int64[],Int64[],false,false,"(self_direction = 0.66f0, stimulation = -1.26f0, hedonism = 0.52f0, achievement = 0.61f0, power = 0.57f0, security = -0.35f0, conformity = -1.07f0, tradition = -0.17f0, benevolence = 0.88f0, universalism = -0.38f0)"
8,27,"(30, 1)",17.0,8,1,3,male,"Bool[0, 0, 1, 1, 0, 1, 1, 0, 0, 1, 1]",Int64[],false,false,false,0.0,Int64[],Int64[],false,false,"(self_direction = -0.33f0, stimulation = -0.2f0, hedonism = -0.7f0, achievement = 0.0f0, power = -0.14f0, security = 0.83f0, conformity = 0.09f0, tradition = -0.14f0, benevolence = 0.76f0, universalism = -0.18f0)"
8,29,"(37, 9)",9.0,8,5,4,male,"Bool[1, 0, 0, 1, 1, 0, 1, 1, 1, 0, 0]",Int64[],false,false,false,0.0,Int64[],Int64[],false,false,"(self_direction = 0.9f0, stimulation = -0.65f0, hedonism = 1.65f0, achievement = -1.87f0, power = -0.61f0, security = -0.87f0, conformity = -1.36f0, tradition = 0.48f0, benevolence = 0.82f0, universalism = 1.51f0)"
8,30,"(15, 39)",26.0,8,2,3,female,"Bool[0, 1, 1, 0, 0, 0, 1, 1, 1, 0, 0]",Int64[],false,false,false,0.0,Int64[],Int64[],false,false,"(self_direction = 0.8f0, stimulation = -1.4f0, hedonism = -0.49f0, achievement = 0.4f0, power = -0.13f0, security = 1.55f0, conformity = -1.37f0, tradition = -0.51f0, benevolence = 0.46f0, universalism = 0.7f0)"
8,31,"(17, 42)",36.0,8,5,2,female,"Bool[0, 1, 1, 0, 0, 0, 0, 1, 1, 1, 1]",Int64[],false,false,true,0.0,Int64[],Int64[],false,false,"(self_direction = -0.27f0, stimulation = -2.71f0, hedonism = -1.21f0, achievement = -0.95f0, power = 0.04f0, security = 1.59f0, conformity = 1.14f0, tradition = 1.6f0, benevolence = 0.31f0, universalism = 0.46f0)"
8,34,"(8, 32)",6.0,8,1,4,male,"Bool[1, 0, 1, 1, 1, 1, 1, 0, 1, 0, 0]",Int64[],false,false,false,0.0,Int64[],Int64[],false,false,"(self_direction = -0.59f0, stimulation = -1.96f0, hedonism = -0.34f0, achievement = 0.16f0, power = -0.77f0, security = 0.58f0, conformity = -0.43f0, tradition = 2.15f0, benevolence = 0.56f0, universalism = 0.64f0)"
8,37,"(36, 8)",9.0,8,6,3,female,"Bool[1, 1, 1, 0, 1, 0, 1, 0, 1, 0, 0]",Int64[],false,false,false,0.0,Int64[],Int64[],false,false,"(self_direction = 1.68f0, stimulation = -1.71f0, hedonism = 0.65f0, achievement = -0.12f0, power = -2.55f0, security = -0.61f0, conformity = -1.18f0, tradition = -0.39f0, benevolence = 2.42f0, universalism = 1.8f0)"
8,38,"(36, 10)",37.0,8,2,1,female,"Bool[1, 1, 1, 0, 1, 0, 0, 0, 0, 1, 1]",Int64[],false,false,false,0.0,Int64[],Int64[],false,false,"(self_direction = 0.12f0, stimulation = 0.08f0, hedonism = 0.25f0, achievement = 1.01f0, power = -0.44f0, security = -0.11f0, conformity = -1.19f0, tradition = 0.02f0, benevolence = 0.11f0, universalism = 0.15f0)"
8,39,"(9, 24)",7.0,8,1,1,female,"Bool[0, 0, 0, 1, 1, 0, 1, 1, 1, 1, 1]",Int64[],false,false,false,0.0,Int64[],Int64[],false,false,"(self_direction = -0.15f0, stimulation = -0.19f0, hedonism = -0.55f0, achievement = 0.45f0, power = 1.2f0, security = -0.52f0, conformity = -0.8f0, tradition = 0.05f0, benevolence = 0.75f0, universalism = -0.23f0)"
8,40,"(14, 39)",21.0,8,5,4,female,"Bool[0, 1, 1, 0, 0, 0, 0, 0, 1, 0, 1]",Int64[],false,false,false,0.0,Int64[],Int64[],false,true,"(self_direction = 0.84f0, stimulation = 0.21f0, hedonism = -1.56f0, achievement = 1.02f0, power = 1.64f0, security = 0.67f0, conformity = -0.06f0, tradition = -1.52f0, benevolence = -0.99f0, universalism = -0.26f0)"
8,42,"(25, 7)",24.0,8,2,1,male,"Bool[1, 1, 1, 0, 1, 0, 1, 0, 1, 1, 0]",Int64[],false,false,false,0.0,Int64[],Int64[],false,false,"(self_direction = 0.88f0, stimulation = 0.55f0, hedonism = -0.27f0, achievement = 0.73f0, power = 0.52f0, security = -0.62f0, conformity = -1.69f0, tradition = -0.48f0, benevolence = 0.54f0, universalism = -0.16f0)"
8,46,"(17, 41)",37.0,8,6,2,male,"Bool[0, 1, 0, 0, 1, 0, 1, 0, 1, 1, 0]",Int64[],false,true,false,0.0,Int64[],Int64[],false,false,"(self_direction = 0.22f0, stimulation = -2.48f0, hedonism = -0.52f0, achievement = -0.5f0, power = -1.06f0, security = 0.08f0, conformity = 0.24f0, tradition = 0.66f0, benevolence = 2.2f0, universalism = 1.16f0)"
8,49,"(6, 24)",5.0,8,1,1,female,"Bool[1, 1, 1, 0, 1, 1, 0, 0, 0, 0, 1]",Int64[],false,false,false,0.0,Int64[],Int64[],false,false,"(self_direction = 0.15f0, stimulation = 0.47f0, hedonism = -0.56f0, achievement = -1.05f0, power = 0.67f0, security = 0.56f0, conformity = 0.11f0, tradition = -1.57f0, benevolence = 1.24f0, universalism = -0.01f0)"
8,50,"(16, 33)",21.0,8,5,2,female,"Bool[1, 1, 1, 1, 1, 1, 0, 1, 1, 0, 1]",Int64[],false,false,false,0.0,Int64[],Int64[],false,false,"(self_direction = 1.23f0, stimulation = 1.17f0, hedonism = -0.07f0, achievement = -0.65f0, power = -0.34f0, security = 0.01f0, conformity = -0.82f0, tradition = -1.19f0, benevolence = 0.16f0, universalism = 0.5f0)"
9,2,"(13, 40)",30.0,9,6,1,male,"Bool[0, 0, 0, 0, 0, 1, 1, 0, 0, 1, 1]",Int64[],false,false,true,0.0,Int64[],Int64[],false,false,"(self_direction = -0.2f0, stimulation = 1.94f0, hedonism = 0.34f0, achievement = -0.86f0, power = -0.56f0, security = 0.39f0, conformity = 1.37f0, tradition = -1.75f0, benevolence = -0.25f0, universalism = -0.43f0)"
9,3,"(31, 5)",4.0,9,1,4,female,"Bool[1, 1, 1, 0, 1, 0, 1, 1, 1, 0, 1]",Int64[],false,false,false,0.0,Int64[],Int64[],false,false,"(self_direction = -1.02f0, stimulation = 0.41f0, hedonism = 1.69f0, achievement = 0.94f0, power = -0.57f0, security = -0.62f0, conformity = -0.88f0, tradition = -2.08f0, benevolence = 0.85f0, universalism = 1.29f0)"
9,5,"(15, 40)",40.0,9,6,1,female,"Bool[1, 0, 0, 0, 0, 0, 0, 1, 0, 0, 0]",Int64[],false,true,true,0.0,Int64[],Int64[],false,false,"(self_direction = 0.65f0, stimulation = -1.07f0, hedonism = -1.81f0, achievement = 0.18f0, power = 0.04f0, security = 1.21f0, conformity = 0.17f0, tradition = -0.26f0, benevolence = 0.35f0, universalism = 0.53f0)"
9,6,"(24, 28)",2.0,9,3,2,female,"Bool[0, 0, 0, 1, 0, 0, 0, 0, 1, 1, 0]",Int64[],false,false,false,0.0,Int64[],Int64[],false,false,"(self_direction = 0.22f0, stimulation = -3.54f0, hedonism = -1.15f0, achievement = 0.39f0, power = 0.42f0, security = 0.46f0, conformity = -0.19f0, tradition = 1.08f0, benevolence = 1.61f0, universalism = 0.7f0)"
9,7,"(11, 34)",26.0,9,1,1,male,"Bool[1, 1, 0, 1, 0, 0, 1, 0, 0, 1, 0]",Int64[],false,false,false,0.0,Int64[],Int64[],false,false,"(self_direction = 0.19f0, stimulation = -1.31f0, hedonism = -0.57f0, achievement = -0.3f0, power = -1.63f0, security = 0.7f0, conformity = 0.48f0, tradition = 0.19f0, benevolence = 1.45f0, universalism = 0.8f0)"
9,8,"(35, 11)",20.0,9,4,3,male,"Bool[1, 1, 1, 0, 0, 0, 1, 1, 0, 0, 1]",Int64[],false,false,false,0.0,Int64[],Int64[],false,false,"(self_direction = 0.93f0, stimulation = 0.74f0, hedonism = 0.21f0, achievement = -0.22f0, power = 0.61f0, security = -0.88f0, conformity = -0.74f0, tradition = -1.36f0, benevolence = 0.89f0, universalism = -0.19f0)"
9,10,"(39, 45)",5.0,9,6,1,male,"Bool[0, 1, 0, 0, 0, 0, 1, 1, 0, 1, 0]",Int64[],false,false,false,0.0,Int64[],Int64[],false,false,"(self_direction = -0.22f0, stimulation = -1.58f0, hedonism = -0.44f0, achievement = 0.19f0, power = 1.67f0, security = -0.49f0, conformity = -1.29f0, tradition = 1.1f0, benevolence = 0.21f0, universalism = 0.86f0)"
9,11,"(36, 7)",20.0,9,2,2,male,"Bool[1, 1, 1, 0, 1, 0, 1, 1, 1, 1, 0]",Int64[],false,false,false,0.0,Int64[],Int64[],false,false,"(self_direction = 0.66f0, stimulation = -1.08f0, hedonism = -0.64f0, achievement = -1.11f0, power = 0.02f0, security = 0.15f0, conformity = -0.19f0, tradition = 0.6f0, benevolence = 1.11f0, universalism = 0.48f0)"
9,12,"(29, 8)",14.0,9,6,2,male,"Bool[1, 0, 0, 0, 0, 0, 0, 1, 0, 0, 1]",Int64[],false,false,false,0.0,Int64[],Int64[],false,false,"(self_direction = -1.71f0, stimulation = -1.91f0, hedonism = -1.53f0, achievement = 0.4f0, power = -0.28f0, security = 0.88f0, conformity = 1.08f0, tradition = 1.29f0, benevolence = 1.17f0, universalism = 0.62f0)"
9,13,"(14, 40)",9.0,9,6,4,male,"Bool[0, 1, 1, 0, 0, 1, 1, 1, 1, 0, 0]",Int64[],false,true,false,0.0,Int64[],Int64[],false,false,"(self_direction = 0.49f0, stimulation = -1.24f0, hedonism = -0.9f0, achievement = 0.78f0, power = -0.23f0, security = 1.31f0, conformity = -0.13f0, tradition = -1.05f0, benevolence = 0.61f0, universalism = 0.36f0)"
9,14,"(16, 38)",28.0,9,2,2,male,"Bool[1, 1, 0, 0, 0, 0, 0, 0, 0, 1, 1]",Int64[],false,false,false,0.0,Int64[],Int64[],false,true,"(self_direction = 0.2f0, stimulation = 0.04f0, hedonism = 1.05f0, achievement = -0.9f0, power = -1.31f0, security = 0.45f0, conformity = -0.64f0, tradition = 0.37f0, benevolence = 0.45f0, universalism = 0.28f0)"
9,15,"(33, 11)",13.0,9,4,2,female,"Bool[1, 0, 0, 1, 1, 0, 0, 1, 0, 1, 1]",Int64[],false,false,false,0.0,Int64[],Int64[],false,false,"(self_direction = 0.17f0, stimulation = 0.05f0, hedonism = 0.19f0, achievement = 0.91f0, power = -0.12f0, security = 1.41f0, conformity = -0.77f0, tradition = -1.7f0, benevolence = -0.53f0, universalism = 0.39f0)"
9,17,"(11, 42)",36.0,9,1,2,male,"Bool[1, 0, 0, 1, 1, 0, 1, 0, 0, 1, 0]",Int64[],false,false,false,0.0,Int64[],Int64[],false,false,"(self_direction = -0.5f0, stimulation = -0.09f0, hedonism = 0.47f0, achievement = -0.3f0, power = 1.22f0, security = 0.57f0, conformity = -1.09f0, tradition = -0.68f0, benevolence = -0.07f0, universalism = 0.46f0)"
9,19,"(48, 27)",4.0,9,4,2,female,"Bool[0, 1, 1, 0, 0, 0, 1, 0, 1, 1, 1]",Int64[],false,false,false,0.0,Int64[],Int64[],false,false,"(self_direction = -1.22f0, stimulation = -1.2f0, hedonism = 0.84f0, achievement = -0.6f0, power = -0.35f0, security = -0.21f0, conformity = 1.49f0, tradition = 0.75f0, benevolence = 0.68f0, universalism = -0.17f0)"
9,20,"(13, 9)",5.0,9,4,1,male,"Bool[0, 1, 1, 1, 0, 0, 1, 1, 0, 1, 0]",Int64[],false,false,false,0.0,Int64[],Int64[],false,false,"(self_direction = 0.59f0, stimulation = -0.24f0, hedonism = 0.48f0, achievement = -0.55f0, power = -1.44f0, security = 0.58f0, conformity = 0.76f0, tradition = -0.46f0, benevolence = 0.5f0, universalism = -0.23f0)"
9,21,"(6, 20)",15.0,9,4,1,female,"Bool[1, 1, 1, 1, 1, 0, 1, 0, 1, 1, 0]",Int64[],false,false,false,0.0,Int64[],Int64[],false,false,"(self_direction = 0.67f0, stimulation = -0.17f0, hedonism = 0.01f0, achievement = -0.58f0, power = -0.62f0, security = 0.56f0, conformity = -0.33f0, tradition = -0.85f0, benevolence = 1.12f0, universalism = 0.2f0)"
9,23,"(30, 7)",41.0,9,2,1,male,"Bool[1, 1, 1, 0, 1, 0, 0, 0, 1, 1, 0]",Int64[],false,false,false,0.0,Int64[],Int64[],false,false,"(self_direction = -0.04f0, stimulation = 0.06f0, hedonism = -0.5f0, achievement = -0.78f0, power = -0.89f0, security = 1.14f0, conformity = 1.0f0, tradition = -1.39f0, benevolence = 0.19f0, universalism = 1.2f0)"
9,24,"(14, 42)",27.0,9,6,2,female,"Bool[0, 0, 0, 1, 0, 0, 0, 1, 1, 0, 1]",Int64[],false,false,false,0.0,Int64[],Int64[],false,false,"(self_direction = -0.27f0, stimulation = -2.78f0, hedonism = -1.22f0, achievement = 0.04f0, power = -0.46f0, security = 1.43f0, conformity = 2.56f0, tradition = 0.04f0, benevolence = 0.33f0, universalism = 0.33f0)"
9,26,"(42, 12)",9.0,9,2,3,female,"Bool[1, 0, 1, 1, 0, 0, 1, 1, 1, 0, 1]",Int64[],false,false,false,0.0,Int64[],Int64[],false,false,"(self_direction = 0.66f0, stimulation = -1.26f0, hedonism = 0.52f0, achievement = 0.61f0, power = 0.57f0, security = -0.35f0, conformity = -1.07f0, tradition = -0.17f0, benevolence = 0.88f0, universalism = -0.38f0)"
9,27,"(29, 1)",16.0,9,1,3,male,"Bool[0, 0, 1, 1, 0, 1, 1, 0, 0, 1, 1]",Int64[],false,false,false,0.0,Int64[],Int64[],false,false,"(self_direction = -0.33f0, stimulation = -0.2f0, hedonism = -0.7f0, achievement = 0.0f0, power = -0.14f0, security = 0.83f0, conformity = 0.09f0, tradition = -0.14f0, benevolence = 0.76f0, universalism = -0.18f0)"
9,29,"(38, 9)",9.0,9,5,4,male,"Bool[1, 0, 0, 1, 1, 0, 1, 1, 1, 0, 0]",Int64[],false,false,false,0.0,Int64[],Int64[],false,false,"(self_direction = 0.9f0, stimulation = -0.65f0, hedonism = 1.65f0, achievement = -1.87f0, power = -0.61f0, security = -0.87f0, conformity = -1.36f0, tradition = 0.48f0, benevolence = 0.82f0, universalism = 1.51f0)"
9,30,"(15, 41)",26.0,9,2,3,female,"Bool[1, 1, 1, 0, 0, 0, 1, 1, 1, 0, 0]",Int64[],false,true,false,0.0,Int64[],Int64[],false,false,"(self_direction = 0.8f0, stimulation = -1.4f0, hedonism = -0.49f0, achievement = 0.4f0, power = -0.13f0, security = 1.55f0, conformity = -1.37f0, tradition = -0.51f0, benevolence = 0.46f0, universalism = 0.7f0)"
9,31,"(18, 40)",38.0,9,5,2,female,"Bool[0, 1, 1, 0, 0, 0, 0, 1, 1, 1, 1]",Int64[],false,false,false,0.0,Int64[],Int64[],false,false,"(self_direction = -0.27f0, stimulation = -2.71f0, hedonism = -1.21f0, achievement = -0.95f0, power = 0.04f0, security = 1.59f0, conformity = 1.14f0, tradition = 1.6f0, benevolence = 0.31f0, universalism = 0.46f0)"
9,34,"(8, 31)",4.0,9,1,4,male,"Bool[1, 0, 1, 1, 1, 1, 1, 0, 1, 0, 0]",Int64[],false,false,false,0.0,Int64[],Int64[],false,false,"(self_direction = -0.59f0, stimulation = -1.96f0, hedonism = -0.34f0, achievement = 0.16f0, power = -0.77f0, security = 0.58f0, conformity = -0.43f0, tradition = 2.15f0, benevolence = 0.56f0, universalism = 0.64f0)"
9,37,"(37, 8)",10.0,9,6,3,female,"Bool[1, 1, 1, 0, 1, 0, 1, 0, 1, 0, 0]",Int64[],false,false,false,0.0,Int64[],Int64[],false,false,"(self_direction = 1.68f0, stimulation = -1.71f0, hedonism = 0.65f0, achievement = -0.12f0, power = -2.55f0, security = -0.61f0, conformity = -1.18f0, tradition = -0.39f0, benevolence = 2.42f0, universalism = 1.8f0)"
9,38,"(35, 9)",40.0,9,2,1,female,"Bool[1, 1, 1, 0, 1, 0, 0, 0, 0, 1, 1]",Int64[],false,false,false,0.0,Int64[],Int64[],false,false,"(self_direction = 0.12f0, stimulation = 0.08f0, hedonism = 0.25f0, achievement = 1.01f0, power = -0.44f0, security = -0.11f0, conformity = -1.19f0, tradition = 0.02f0, benevolence = 0.11f0, universalism = 0.15f0)"
9,39,"(9, 24)",6.0,9,1,1,female,"Bool[0, 0, 0, 1, 1, 0, 1, 1, 1, 1, 1]",Int64[],false,false,false,0.0,Int64[],Int64[],false,false,"(self_direction = -0.15f0, stimulation = -0.19f0, hedonism = -0.55f0, achievement = 0.45f0, power = 1.2f0, security = -0.52f0, conformity = -0.8f0, tradition = 0.05f0, benevolence = 0.75f0, universalism = -0.23f0)"
9,40,"(16, 37)",21.0,9,5,4,female,"Bool[0, 1, 1, 0, 0, 0, 0, 0, 1, 0, 1]",Int64[],false,false,false,0.0,Int64[],Int64[],false,true,"(self_direction = 0.84f0, stimulation = 0.21f0, hedonism = -1.56f0, achievement = 1.02f0, power = 1.64f0, security = 0.67f0, conformity = -0.06f0, tradition = -1.52f0, benevolence = -0.99f0, universalism = -0.26f0)"
9,42,"(25, 6)",25.0,9,2,1,male,"Bool[1, 1, 1, 0, 1, 0, 1, 0, 1, 1, 0]",Int64[],false,false,false,0.0,Int64[],Int64[],false,false,"(self_direction = 0.88f0, stimulation = 0.55f0, hedonism = -0.27f0, achievement = 0.73f0, power = 0.52f0, security = -0.62f0, conformity = -1.69f0, tradition = -0.48f0, benevolence = 0.54f0, universalism = -0.16f0)"
9,46,"(16, 41)",39.0,9,6,2,male,"Bool[0, 1, 0, 0, 1, 0, 1, 0, 1, 1, 0]",Int64[],false,false,false,0.0,Int64[],Int64[],false,false,"(self_direction = 0.22f0, stimulation = -2.48f0, hedonism = -0.52f0, achievement = -0.5f0, power = -1.06f0, security = 0.08f0, conformity = 0.24f0, tradition = 0.66f0, benevolence = 2.2f0, universalism = 1.16f0)"
9,49,"(6, 24)",4.0,9,1,1,female,"Bool[1, 1, 1, 0, 1, 1, 0, 0, 0, 0, 1]",Int64[],false,false,false,0.0,Int64[],Int64[],false,false,"(self_direction = 0.15f0, stimulation = 0.47f0, hedonism = -0.56f0, achievement = -1.05f0, power = 0.67f0, security = 0.56f0, conformity = 0.11f0, tradition = -1.57f0, benevolence = 1.24f0, universalism = -0.01f0)"
9,50,"(16, 34)",22.0,9,5,2,female,"Bool[1, 1, 1, 1, 1, 1, 0, 1, 1, 0, 1]",Int64[],false,false,false,0.0,Int64[],Int64[],false,false,"(self_direction = 1.23f0, stimulation = 1.17f0, hedonism = -0.07f0, achievement = -0.65f0, power = -0.34f0, security = 0.01f0, conformity = -0.82f0, tradition = -1.19f0, benevolence = 0.16f0, universalism = 0.5f0)"
